-1290.39
-120.217
6125.04
8671.96
1962.2
-8962.55
-13386.2
-6676.43
4476.13
9165.44
3677.46
-5206.56
-7944.5
-2016.96
6465.14
9893.61
6608.55
1237.7
-1099.95
124.624
1269.9
-1018.09
-6192.94
-10130.8
-8613.04
-993.898
8635.61
13802
10298.7
-101.877
-10209.9
-12600.6
-5535.35
5539.71
12394.1
10401.8
1411.79
-8644.7
-14310.9
-13334.2
-6663.82
2548.76
9887.52
11366.5
6171.8
-1802.1
-6307.56
-4026.17
2143.64
5659.36
2731.88
-3869.79
-7599.54
-4616.22
2678.47
8292.52
8233.56
3367.66
-2435.06
-5917.26
-6101.01
-3522.2
809.184
5363.2
7901.05
6466.46
1037.37
-5980.35
-11172.8
-12212.3
-8924.89
-2939.99
3288.6
7444.93
8244.86
6066
2682.54
-35.8645
-1412.71
-1973.06
-2298.88
-2209.56
-1212.16
587.327
2458.25
3818.18
4470.01
3919.65
1214.78
-3612.77
-8079.8
-8516.68
-3863.27
2225.26
4477.16
1820.89
-913.957
1522.86
7792.75
10196.1
3228.93
-8863.17
-15116.5
-9335.78
2660.47
8924.35
4375.52
-3861.2
-5140.06
2011.87
8183.82
4530.59
-6164.95
-12160.1
-6288.76
5522.26
10872.6
4951.21
-4337.9
-5928.2
1612.21
8889.35
7008.12
-2124.59
-8241.51
-4488.72
5163.85
10657.8
6500.13
-3466.02
-10990.1
-11164.9
-4985.45
3618.4
10910.7
13751.3
9727.92
-548.47
-11520
-15531.8
-9595.47
907.569
6782.53
4060.29
-2084.53
-3202.5
2887.39
9379.5
7793.96
-2473.39
-12687.6
-13111
-2589.28
10239.5
15004.6
8758.44
-2336.77
-9511.33
-9108.54
-4324.46
-380.589
1052.41
2361.61
5548.43
8475.59
6672.3
-874.717
-8723.72
-9307.26
-1017.73
8762.94
10163.9
1007.17
-10226.7
-12672.3
-4369.31
5655.46
7145.36
-293.827
-7054.14
-4517.63
5184.87
11607.7
7704.83
-2505.02
-8721.29
-5697.5
1776.35
5200.4
1958.33
-2741.09
-2780.67
1917.27
6072.57
5335.5
286.996
-5531.08
-9586.43
-11159.9
-9456.88
-3410.46
5646.52
12623.4
12191.4
4299.06
-4866.25
-8380.83
-4835.84
1363.89
5302.9
5851.21
4568.93
2175.25
-1850.53
-6301.77
-7268.72
-2178.45
5684.38
8979.46
3973.53
-4582.2
-8013.8
-3365.82
3088.84
3177.21
-3202
-7437.77
-2295.35
8736.02
14090.1
6497.97
-8486.1
-17392.1
-12048
2794.55
14766.6
15662
7523.38
-1661.71
-6315.47
-6792.17
-6183.53
-5794.01
-4482.06
-1367.53
2271.72
4162.35
3456.7
1485.84
273.478
642.524
1671.33
1611.59
-676.25
-4656.02
-8025.4
-7996.25
-3539.81
3076.62
7319.89
5892.28
-46.2041
-5143.4
-4018.52
3952.64
13486.8
17236.8
11676.5
120.981
-9831.16
-12487.1
-8628.17
-4295.44
-4683.68
-8821.17
-10451.3
-4661.34
6323.46
14516.1
13814
6055.66
-1111.49
-2335.76
343.933
1057.15
-2114.69
-4658.94
-1668.03
4983.67
7670.3
1911.81
-7282.31
-9953.45
-2333.85
8111.45
10157.2
976.54
-10530.2
-13036
-4491.29
6332.74
9435.04
3417.19
-4410.11
-6256.24
-891.896
6749.1
10812.7
8466.64
433.967
-9673.87
-16068.4
-13372
-1441.14
12114.1
16700.7
8455.13
-4769.91
-9922.43
-1570.02
12098.1
17003.8
7102.86
-9792.43
-19930.3
-16539.8
-4705.86
5265.14
7595.98
4166.99
65.9865
-1766.78
-1494.51
-165.678
1570.97
2815.09
2242.26
-335.531
-2835.28
-2526.22
907.295
4567.18
5086.31
1939.09
-2274.71
-4499.46
-3650.87
-688.399
2624.81
4446.75
3232.24
-1074.08
-5791.45
-6675.15
-1816.14
5526.86
9166.02
5938.88
-921.69
-5143.47
-4052.66
-1000.06
-876.945
-4175.64
-6644.65
-4648.6
510.034
4386.85
4594.78
2785.17
1484.65
646.758
-1339.12
-4023.46
-4374.91
-750.486
3978.08
5099.82
1850.57
-1242.77
72.095
3981.6
4422.87
-975.483
-6742.92
-5358.37
3163.06
9751.42
5869.63
-6245.43
-14889.5
-11079.4
1738.45
11316.2
9473.2
2.15365
-6473.85
-4084.11
3171.01
7246.31
4963.85
27.4936
-2686.28
-2721.88
-3181.99
-5545.59
-7087.77
-3984.36
3725.91
11013
11828.6
4353.72
-7054.02
-14638.7
-12672.7
-1854.9
10544
15616.1
9810.15
-1743.99
-9310.42
-7198.9
1019.14
6252.36
3213.27
-4242.63
-7491.09
-2585.64
5460.71
8166
2722.77
-5173.63
-7598.42
-2646
4112.84
5861.9
1272.75
-5061.61
-7881.41
-5980.65
-1977.09
1300.59
3215.77
4447.79
4919.03
3500.77
-229.743
-4554.99
-6536.06
-4673.42
-674.161
1720.93
196.396
-3504.32
-4692.13
-243.937
7593.39
12445.2
9814.35
2097.72
-3193.56
-1083.7
5223.49
7432.35
1410.25
-7517.57
-9869.66
-2766.03
5950.72
5690.98
-4955.11
-15646.5
-14568.8
-841.655
14251.9
18438.1
10056.9
-1664.44
-6750.05
-3588.11
1734.96
3230.79
590.727
-2440.96
-3242.61
-2635.62
-2738.38
-3987.74
-4791.89
-3464.1
31.9823
3842.66
5209.39
2267.97
-3877.14
-8626.69
-6895.79
1665.65
10548.9
11323.8
2189.53
-8887.15
-11197.4
-2141
9765.63
13530.2
6778.58
-2818.77
-6778.53
-4494.75
-1601.39
-1368.9
