-88.3548
-107.244
-126.432
-144.069
-158.191
-166.858
-168.299
-161.052
-144.085
-116.892
-79.5621
-32.813
22.0127
82.9905
147.693
213.3
276.741
334.852
384.544
422.98
447.738
456.951
449.438
424.78
383.373
326.426
255.923
174.536
85.5018
-7.53537
-100.708
-190.124
-272.066
-343.194
-400.72
-442.559
-467.446
-475.002
-465.76
-441.134
-403.342
-355.28
-300.364
-242.331
-185.029
-132.196
-87.2395
-53.0422
-31.7862
-24.8229
-32.5865
-54.5605
-89.299
-134.501
-187.137
-243.615
-299.986
-352.17
-396.19
-428.402
-445.718
-445.785
-427.133
-389.275
-332.744
-259.081
-170.762
-71.0722
36.0646
146.294
255.063
357.862
450.465
529.152
590.904
633.553
655.888
657.703
639.786
603.854
552.441
488.729
416.359
339.213
261.186
185.97
116.852
56.5459
7.06282
-30.3657
-55.3148
-68.1386
-69.8916
-62.2055
-47.1302
-26.951
-3.99363
19.5663
41.8787
61.5643
77.8199
90.475
99.996
107.435
114.326
122.537
134.088
150.936
174.764
206.77
247.476
296.582
352.865
414.144
477.308
538.42
592.883
635.673
661.62
665.728
643.504
591.3
506.617
388.377
237.126
55.1641
-153.421
-382.812
-625.626
-873.171
-1115.79
-1343.29
-1545.38
-1712.22
-1834.89
-1905.88
-1919.54
-1872.4
-1763.49
-1594.43
-1369.51
-1095.54
-781.663
-438.951
-79.9973
281.648
632.071
957.619
1245.53
1484.5
1665.27
1780.98
1827.56
1803.88
1711.84
1556.23
1344.54
1086.59
794.023
479.819
157.625
-158.863
-456.532
-723.452
-949.403
-1126.31
-1248.56
-1313.22
-1320.05
-1271.48
-1172.35
-1029.63
-852.006
-649.342
-432.2
-211.266
3.18037
201.757
376.409
520.746
630.284
702.572
737.205
735.735
701.472
639.204
554.855
455.097
346.934
237.307
132.709
38.8572
-39.573
-99.141
-137.748
-154.658
-150.443
-126.847
-86.5932
-33.148
29.55
97.3649
166.231
232.398
292.631
344.363
385.792
415.913
434.496
442.002
439.468
428.345
410.33
387.182
360.56
331.874
302.174
272.084
241.777
211.002
179.155
145.384
108.728
68.2681
23.2851
-26.5943
-81.2758
-140.11
-201.849
-264.654
-326.157
-383.57
-433.843
-473.854
-500.631
-511.575
-504.683
-478.74
-433.483
-369.711
-289.322
-195.301
-91.6181
16.9304
124.949
226.718
316.507
388.906
439.15
463.433
459.168
425.193
361.903
271.298
156.93
23.7726
-122.004
-273.337
-422.626
-562.14
-684.434
-782.77
-851.494
-886.381
-884.886
-846.319
-771.916
-664.798
-529.832
-373.384
-202.991
-26.9637
146.063
307.596
449.743
565.647
649.857
698.62
710.085
684.386
623.622
531.723
414.208
277.856
130.311
-20.3735
-166.189
-299.638
-414.152
-504.455
-566.843
-599.362
-601.888
-576.077
-525.222
-454.002
-368.149
-274.056
-178.342
-87.4197
-7.0696
57.9328
104.121
129.554
133.924
118.563
86.3245
41.3769
-11.1065
-65.3211
-115.253
-155.119
-179.796
-185.214
-168.673
-129.089
-67.1141
14.8457
112.738
221.087
333.318
442.165
540.146
620.052
675.455
701.163
693.626
651.239
574.531
466.233
331.197
176.182
9.51109
-159.379
-320.479
-463.8
-579.988
-660.917
-700.233
-693.806
-640.061
-540.168
-398.074
-220.37
-15.9913
204.224
428.105
642.817
835.584
994.434
1108.91
1170.73
1174.32
1117.2
1000.23
827.673
606.985
348.532
65.0562
-228.982
-518.177
-787.017
-1020.76
-1206.26
-1332.75
-1392.5
-1381.28
-1298.7
-1148.27
-937.305
-676.579
-379.777
-62.7979
257.094
562.204
835.375
1060.95
1225.66
1319.4
1335.81
1272.7
1132.26
920.937
649.2
331.003
-16.9283
-375.965
-726.565
-1049.32
-1326
-1540.55
-1680.01
-1735.2
-1701.26
-1578.01
-1369.91
-1085.97
-739.241
-346.191
74.1329
501.087
913.495
1290.74
1613.85
1866.44
2035.62
2112.6
2093.16
1977.86
1772.01
1485.34
1131.52
727.439
292.288
-153.388
-588.765
-993.785
-1350.16
-1642.28
-1857.94
-1988.88
-2031.18
-1985.33
-1856.1
-1652.25
-1385.91
-1071.97
-727.146
-369.153
-15.7249
316.29
611.768
858.035
1045.44
1167.75
1222.34
1210.22
1135.78
1006.47
832.238
624.888
397.356
162.943
-65.4361
-275.96
-458.517
-605.195
-710.638
-772.228
-790.109
-767.047
-708.139
-620.394
-512.218
-392.827
-271.638
-157.658
-58.9286
17.9639
68.2725
89.3488
80.768
44.3131
-16.1764
-95.0802
-185.379
-279.115
-367.905
-443.475
-498.18
-525.485
-520.372
-479.661
-402.211
-289.016
-143.163
30.3218
224.733
432.044
643.332
849.246
1040.5
1208.35
1345.05
1444.21
1501.14
1513.04
1479.13
1400.64
1280.73
1124.3
937.712
728.444
504.735
275.168
48.2618
-167.905
-366.046
-539.957
-684.741
-796.956
-874.69
-917.554
-926.604
-904.202
-853.818
-779.805
-687.138
-581.152
-467.284
-350.829
-236.728
-129.392
-32.5711
50.7433
118.359
168.89
201.728
216.983
215.399
198.261
167.288
124.536
72.2929
12.9919
-50.8663
-116.78
-182.298
-245.066
-302.861
-353.618
-395.465
-426.747
-446.06
-452.282
-444.615
-422.623
-386.267
-335.941
-272.497
-197.256
-112.006
-18.9777
79.2057
179.594
279.007
374.145
461.722
538.607
601.967
649.413
679.124
689.959
681.535
654.273
609.401
548.919
475.513
392.444
303.381
212.226
122.91
39.1814
-35.5952
-98.6267
-147.85
-182.054
-200.947
-205.182
-196.318
-176.729
-149.465
-118.061
-86.3262
-58.0974
-36.995
-26.1835
-28.1548
-44.5485
-76.0206
-122.169
-181.525
-251.608
-329.043
-409.744
-489.139
-562.432
-624.891
-672.137
-700.42
-706.868
-689.687
-648.306
-583.451
-497.146
-392.634
-274.231
-147.111
-17.0322
109.97
227.917
331.223
415.015
475.418
509.788
516.876
496.92
451.646
384.193
298.949
201.316
97.4145
-6.25432
-103.177
-187.195
-252.861
-295.754
-312.745
-302.184
-264.014
-199.792
-112.621
-6.99319
111.439
236.166
360.166
476.282
577.608
657.86
711.718
735.11
725.434
681.695
604.563
496.336
360.819
203.131
29.4345
-153.37
-337.997
-517.129
-683.774
-831.584
-955.143
-1050.19
-1113.77
-1144.32
-1141.7
-1107.07
-1042.83
-952.355
-839.843
-710.005
-567.822
-418.281
-266.139
-115.722
29.2365
165.693
291.35
404.649
504.714
591.259
664.455
724.787
772.899
809.448
834.978
849.825
854.055
847.457
829.563
799.722
757.207
701.345
631.665
548.052
450.887
341.16
220.558
91.4956
-42.8966
-178.844
-312.054
-437.887
-551.573
-648.459
-724.266
-775.347
-798.932
-793.327
-758.076
-694.055
-603.49
-489.909
-358.008
-213.451
-62.6043
87.7784
230.906
360.308
470.192
555.769
613.524
641.435
639.095
607.758
550.275
470.952
375.307
269.762
161.27
56.9075
-36.5491
-113.034
-167.567
-196.577
-198.135
-172.102
-120.169
-45.7838
46.0208
148.91
255.605
358.315
449.202
520.864
566.811
581.884
562.623
507.531
417.239
294.545
144.331
-26.6427
-210.062
-396.473
-575.779
-737.787
-872.763
-971.994
-1028.29
-1036.41
-993.438
-898.948
-755.133
-566.738
-340.869
-86.6784
185.074
462.54
733.378
985.368
1207.03
1388.23
1520.66
1598.29
1617.69
1578.17
1481.83
1333.43
1140.16
911.252
657.474
390.608
122.82
-133.956
-368.619
-571.452
-734.591
-852.395
-921.68
-941.833
-914.778
-844.808
-738.296
-603.3
-449.083
-285.578
-122.833
29.5422
162.888
269.945
345.218
385.223
388.631
356.272
291.034
197.632
82.2982
-47.6232
-184.119
-318.985
-444.297
-552.859
-638.589
-696.84
-724.623
-720.733
-685.763
-622.02
-533.344
-424.838
-302.541
-173.046
-43.112
80.7359
192.57
287.379
361.324
411.913
438.092
440.243
420.097
380.57
325.531
259.515
187.415
114.154
44.3713
-17.8666
-69.3025
-107.67
-131.802
-141.667
-138.325
-123.816
-100.985
-73.2558
-44.3708
-18.1146
1.96189
12.7977
12.043
-1.77014
-29.1158
-69.4305
-121.137
-181.738
-247.965
-315.984
-381.634
-440.69
-489.128
-523.382
-540.569
-538.675
-516.686
-474.66
-413.729
-336.038
-244.626
-143.247
-36.1573
72.1341
177.12
274.552
360.674
432.424
487.589
524.91
544.116
545.905
531.86
504.313
466.159
420.648
371.144
320.896
272.809
229.251
191.898
161.623
138.455
121.588
109.454
99.8587
90.1502
77.4399
58.8367
31.6919
-6.16513
-56.216
-119.081
-194.397
-280.759
-375.726
-475.894
-577.035
-674.3
-762.466
-836.219
-890.457
-920.605
-922.898
-894.645
-834.44
-742.313
-619.801
-469.955
-297.252
-107.436
92.7138
295.675
493.526
678.312
842.428
978.992
1082.19
1147.58
1172.3
1155.3
1097.32
1000.97
870.572
712.003
532.42
339.938
143.256
-48.7489
-227.435
-384.803
-513.87
-609.001
-666.168
-683.144
-659.603
-597.136
-499.174
-370.828
-218.645
-50.3081
125.724
300.606
465.514
612.046
732.605
820.736
871.421
881.288
848.764
774.13
659.504
508.736
327.233
121.713
-100.092
-329.77
-558.592
-777.883
-979.377
-1155.55
-1299.94
-1407.36
-1474.1
-1498.06
-1478.77
-1417.42
-1316.71
-1180.76
-1014.84
-825.216
-618.778
-402.806
-184.644
28.5875
230.266
414.509
576.37
711.999
818.738
895.167
941.096
957.499
946.407
910.759
854.215
780.952
695.449
602.263
505.822
410.231
319.105
235.436
161.503
98.8128
48.0963
9.33543
-18.1659
-35.6804
-44.9289
-47.9337
-46.8625
-43.8705
-40.9516
-39.8054
-41.7276
-47.5302
-57.4945
-71.3612
