-0.599946
-1.91586
0.914565
8.79673
14.685
11.1564
-0.649342
-11.2243
-12.175
-4.65854
2.28888
1.38118
-5.79361
-11.1995
-8.86844
-0.280413
8.19026
11.9273
11.6289
10.9644
11.817
12.2528
8.81968
0.539857
-9.15267
-14.2269
-10.3885
1.17572
13.6698
18.9521
13.5255
1.56368
-7.92737
-7.90025
1.48286
13.342
19.4462
15.7223
3.99827
-10.0415
-20.154
-22.1814
-15.7514
-4.78707
4.2262
6.32315
1.85679
-3.71703
-4.69296
-0.423764
4.1793
3.65965
-2.41846
-8.91893
-9.97529
-4.24662
4.31874
10.2243
10.5801
6.22997
0.0983858
-4.78754
-6.20008
-3.11747
3.61849
10.988
14.8951
12.4547
3.7966
-7.99981
-18.6151
-24.513
-24.2368
-18.7332
-10.7747
-3.59763
0.685354
1.87043
1.06148
-0.627143
-2.72727
-4.98316
-6.73198
-7.07103
-5.55318
-2.43381
1.67997
5.90766
8.61072
7.54065
1.63925
-6.9024
-13.2681
-13.9367
-10.1989
-6.84732
-6.6628
-6.8548
-2.34819
7.08307
14.3787
11.6083
-0.994746
-13.8476
-17.1056
-10.5755
-3.33074
-3.26724
-8.48357
-10.4089
-4.86331
2.2366
1.57562
-8.2178
-18.1307
-18.4538
-9.51259
-1.03062
-0.973571
-6.87055
-9.43085
-3.79944
4.81848
7.41476
1.68273
-5.33582
-5.08127
3.34363
12.4693
14.0745
6.51459
-4.9378
-13.1842
-13.8703
-6.52685
5.9974
18.052
22.8672
16.6833
2.65669
-10.3168
-14.5331
-10.0907
-4.18059
-3.30675
-6.52973
-7.09087
-0.726722
8.50095
11.5382
3.65521
-9.95491
-18.2519
-14.2098
-0.945601
11.4022
14.5329
8.15365
-1.5084
-8.18603
-10.2607
-9.77971
-8.22185
-4.48721
2.56965
10.4797
13.6312
8.61946
-0.985833
-6.55797
-2.44608
7.73724
13.8212
8.97352
-3.19697
-12.1359
-11.1351
-3.97341
-0.203438
-4.31097
-10.8101
-10.6784
-1.77663
8.49482
11.1263
4.94824
-2.7824
-4.68289
-0.700639
3.20645
2.63526
-0.557094
-1.1869
2.99707
9.01101
11.9625
9.31555
1.7404
-8.60713
-18.9817
-25.6005
-24.5668
-15.1979
-2.35895
6.11334
5.60544
-1.49079
-8.39037
-10.0531
-6.49409
-0.820108
4.35504
7.75365
8.03669
3.94915
-3.13043
-8.19653
-6.41493
1.38661
8.31191
7.92759
1.08887
-4.97905
-4.86397
-1.1122
-0.871712
-6.6483
-12.1972
-9.08998
2.97997
14.0505
13.1435
-0.499994
-16.0244
-20.8188
-11.5186
4.31038
16.0541
18.6705
14.3248
7.69973
1.37143
-4.48319
-9.63152
-12.6036
-12.0951
-8.7309
-4.82021
-2.38867
-1.65003
-1.31453
-0.167626
1.58926
2.23337
-0.305874
-6.66587
-14.8398
-20.7736
-20.9821
-15.5102
-8.55351
-5.50188
-8.35667
-13.4462
-13.8784
-5.16564
10.5445
25.3687
31.3021
26.0943
14.5071
3.86314
-2.20876
-6.1348
-12.6293
-22.5047
-30.4933
-29.7871
-19.0176
-4.39149
5.60603
7.65221
5.45244
4.40059
5.42572
5.10931
1.4868
-2.10253
-0.499789
6.30392
11.6023
8.83728
-0.434137
-7.10977
-4.01186
5.90121
12.0167
7.0035
-5.51277
-14.7141
-13.5024
-4.94192
1.86174
1.14156
-4.7201
-8.64588
-5.69705
3.3445
13.2907
17.9773
13.4064
0.270499
-14.9564
-22.7167
-17.1597
-2.02292
11.1438
12.788
4.52886
-2.03384
3.26842
18.6354
31.4538
30.1045
14.5636
-4.29796
-14.9247
-14.129
-7.19609
-1.18775
0.759639
-0.281108
-1.99614
-2.85879
-2.1767
0.0622226
2.71852
3.75657
2.07414
-0.839173
-1.79982
1.01626
6.06112
9.70853
9.48057
5.9223
1.70683
-0.515605
0.477615
4.12317
8.15154
9.38237
5.8825
-0.664169
-5.22016
-3.356
4.3376
12.2236
14.6947
11.3019
6.4334
4.03113
3.46163
1.13799
-4.41626
-10.3139
-12.4074
-9.7396
-5.0669
-1.42106
0.578049
1.65049
1.43795
-1.22924
-5.64106
-8.4101
-6.70644
-1.85142
1.76757
1.81478
0.85097
2.85462
7.4471
9.4782
5.37736
-1.27805
-2.64767
4.26908
12.8465
12.9114
1.79055
-11.962
-16.786
-9.64412
1.46602
6.29119
2.49856
-3.34632
-3.84077
1.754
8.15281
10.5591
8.9697
6.21282
3.48149
-0.682374
-7.09472
-12.9514
-13.2912
-5.77532
6.07152
14.5447
13.2294
2.01309
-12.1797
-19.7561
-15.2316
-1.58314
11.6264
15.6301
9.54058
0.693062
-2.46618
1.6674
6.93515
6.43468
0.0669313
-5.42974
-3.90888
3.43158
9.27552
7.90842
1.01457
-4.4401
-3.54467
1.89806
5.76522
3.80064
-2.9305
-10.0036
-13.9082
-14.1042
-11.8003
-8.01135
-3.3301
0.980285
2.72748
0.318842
-5.38773
-11.1451
-13.7728
-12.9738
-11.7107
-13.3107
-17.6909
-20.5387
-16.9719
-6.66832
4.82906
10.7747
9.72945
7.03238
9.0309
15.8319
20.7201
17.5502
8.22873
1.47115
3.38292
10.0503
10.9528
0.321622
-15.6376
-23.8354
-16.7829
0.347558
15.0055
18.8723
13.9881
8.44148
7.66119
10.4957
12.5563
11.5161
8.53762
5.64
3.12524
-0.112819
-4.51807
-8.74882
-10.5395
-8.55348
-3.82269
0.192849
-0.477488
-6.9312
-15.1467
-18.0622
-11.7287
-0.156038
7.04349
3.44295
-7.36381
-14.5737
-10.561
1.75971
12.3146
14.0452
8.72259
2.90124
0.102826
-1.1753
