(1.0354e-19,0)
(3.14573e+06,8.88128e+06)
(3.14573e+06,1.92645e+07)
(3.14573e+06,2.9314e+07)
(3.14573e+06,3.92801e+07)
(3.14573e+06,4.92127e+07)
(3.14573e+06,5.91287e+07)
(3.14573e+06,6.90351e+07)
(3.14573e+06,7.89356e+07)
(3.14573e+06,8.88321e+07)
(3.14573e+06,9.87258e+07)
(3.14573e+06,1.08618e+08)
(3.14573e+06,1.18508e+08)
(3.14573e+06,1.28397e+08)
(3.14573e+06,1.38285e+08)
(3.14573e+06,1.48172e+08)
(3.14573e+06,1.58059e+08)
(3.14573e+06,1.67945e+08)
(3.14573e+06,1.77831e+08)
(3.14573e+06,1.87717e+08)
(3.14573e+06,1.97602e+08)
(3.14573e+06,2.07487e+08)
(3.14573e+06,2.17372e+08)
(3.14573e+06,2.27256e+08)
(3.14573e+06,2.37141e+08)
(3.14573e+06,2.47025e+08)
(3.14573e+06,2.56909e+08)
(3.14573e+06,2.66793e+08)
(3.14573e+06,2.76677e+08)
(3.14573e+06,2.86561e+08)
(3.14573e+06,2.96445e+08)
(3.14573e+06,3.06328e+08)
(3.14573e+06,3.16212e+08)
(3.14573e+06,3.26095e+08)
(3.14573e+06,3.35979e+08)
(3.14573e+06,3.45862e+08)
(3.14573e+06,3.55746e+08)
(3.14573e+06,3.65629e+08)
(3.14573e+06,3.75512e+08)
(3.14573e+06,3.85396e+08)
(3.14573e+06,3.95279e+08)
(3.14573e+06,4.05162e+08)
(3.14573e+06,4.15045e+08)
(3.14573e+06,4.24928e+08)
(3.14573e+06,4.34811e+08)
(3.14573e+06,4.44695e+08)
(3.14573e+06,4.54578e+08)
(3.14573e+06,4.64461e+08)
(3.14573e+06,4.74344e+08)
(3.14573e+06,4.84227e+08)
(3.14573e+06,4.9411e+08)
(3.14573e+06,5.03993e+08)
(3.14573e+06,5.13876e+08)
(3.14573e+06,5.23759e+08)
(3.14573e+06,5.33642e+08)
(3.14573e+06,5.43525e+08)
(3.14573e+06,5.53407e+08)
(3.14573e+06,5.6329e+08)
(3.14573e+06,5.73173e+08)
(3.14573e+06,5.83056e+08)
(3.14573e+06,5.92939e+08)
(3.14573e+06,6.02822e+08)
(3.14573e+06,6.12705e+08)
(3.14573e+06,6.22588e+08)
(3.14573e+06,6.3247e+08)
(3.14573e+06,6.42353e+08)
(3.14573e+06,6.52236e+08)
(3.14573e+06,6.62119e+08)
(3.14573e+06,6.72002e+08)
(3.14573e+06,6.81885e+08)
(3.14573e+06,6.91767e+08)
(3.14573e+06,7.0165e+08)
(3.14573e+06,7.11533e+08)
(3.14573e+06,7.21416e+08)
(3.14573e+06,7.31299e+08)
(3.14573e+06,7.41181e+08)
(3.14573e+06,7.51064e+08)
(3.14573e+06,7.60947e+08)
(3.14573e+06,7.7083e+08)
(3.14573e+06,7.80712e+08)
(3.14573e+06,7.90595e+08)
(3.14573e+06,8.00478e+08)
(3.14573e+06,8.10361e+08)
(3.14573e+06,8.20243e+08)
(3.14573e+06,8.30126e+08)
(3.14573e+06,8.40009e+08)
(3.14573e+06,8.49892e+08)
(3.14573e+06,8.59774e+08)
(3.14573e+06,8.69657e+08)
(3.14573e+06,8.7954e+08)
(3.14573e+06,8.89423e+08)
(3.14573e+06,8.99305e+08)
(3.14573e+06,9.09188e+08)
(3.14573e+06,9.19071e+08)
(3.14573e+06,9.28953e+08)
(3.14573e+06,9.38836e+08)
(3.14573e+06,9.48719e+08)
(3.14573e+06,9.58601e+08)
(3.14573e+06,9.68484e+08)
(3.14573e+06,9.78367e+08)
(3.14573e+06,9.8825e+08)
(3.14573e+06,9.98132e+08)
(3.14573e+06,1.00801e+09)
(3.14573e+06,1.0179e+09)
(3.14573e+06,1.02778e+09)
(3.14573e+06,1.03766e+09)
(3.14573e+06,1.04755e+09)
(3.14573e+06,1.05743e+09)
(3.14573e+06,1.06731e+09)
(3.14573e+06,1.07719e+09)
(3.14573e+06,1.08708e+09)
(3.14573e+06,1.09696e+09)
(3.14573e+06,1.10684e+09)
(3.14573e+06,1.11672e+09)
(3.14573e+06,1.12661e+09)
(3.14573e+06,1.13649e+09)
(3.14573e+06,1.14637e+09)
(3.14573e+06,1.15626e+09)
(3.14573e+06,1.16614e+09)
(3.14573e+06,1.17602e+09)
(3.14573e+06,1.1859e+09)
(3.14573e+06,1.19579e+09)
(3.14573e+06,1.20567e+09)
(3.14573e+06,1.21555e+09)
(3.14573e+06,1.22543e+09)
(3.14573e+06,1.23532e+09)
(3.14573e+06,1.2452e+09)
(3.14573e+06,1.25508e+09)
(3.14573e+06,1.26496e+09)
(3.14573e+06,1.27485e+09)
(3.14573e+06,1.28473e+09)
(3.14573e+06,1.29461e+09)
(3.14573e+06,1.3045e+09)
(3.14573e+06,1.31438e+09)
(3.14573e+06,1.32426e+09)
(3.14573e+06,1.33414e+09)
(3.14573e+06,1.34403e+09)
(3.14573e+06,1.35391e+09)
(3.14573e+06,1.36379e+09)
(3.14573e+06,1.37367e+09)
(3.14573e+06,1.38356e+09)
(3.14573e+06,1.39344e+09)
(3.14573e+06,1.40332e+09)
(3.14573e+06,1.4132e+09)
(3.14573e+06,1.42309e+09)
(3.14573e+06,1.43297e+09)
(3.14573e+06,1.44285e+09)
(3.14573e+06,1.45273e+09)
(3.14573e+06,1.46262e+09)
(3.14573e+06,1.4725e+09)
(3.14573e+06,1.48238e+09)
(3.14573e+06,1.49227e+09)
(3.14573e+06,1.50215e+09)
(3.14573e+06,1.51203e+09)
(3.14573e+06,1.52191e+09)
(3.14573e+06,1.5318e+09)
(3.14573e+06,1.54168e+09)
(3.14573e+06,1.55156e+09)
(3.14573e+06,1.56144e+09)
(3.14573e+06,1.57133e+09)
(3.14573e+06,1.58121e+09)
(3.14573e+06,1.59109e+09)
(3.14573e+06,1.60097e+09)
(3.14573e+06,1.61086e+09)
(3.14573e+06,1.62074e+09)
(3.14573e+06,1.63062e+09)
(3.14573e+06,1.6405e+09)
(3.14573e+06,1.65039e+09)
(3.14573e+06,1.66027e+09)
(3.14573e+06,1.67015e+09)
(3.14573e+06,1.68004e+09)
(3.14573e+06,1.68992e+09)
(3.14573e+06,1.6998e+09)
(3.14573e+06,1.70968e+09)
(3.14573e+06,1.71957e+09)
(3.14573e+06,1.72945e+09)
(3.14573e+06,1.73933e+09)
(3.14573e+06,1.74921e+09)
(3.14573e+06,1.7591e+09)
(3.14573e+06,1.76898e+09)
(3.14573e+06,1.77886e+09)
(3.14573e+06,1.78874e+09)
(3.14573e+06,1.79863e+09)
(3.14573e+06,1.80851e+09)
(3.14573e+06,1.81839e+09)
(3.14573e+06,1.82827e+09)
(3.14573e+06,1.83816e+09)
(3.14573e+06,1.84804e+09)
(3.14573e+06,1.85792e+09)
(3.14573e+06,1.86781e+09)
(3.14573e+06,1.87769e+09)
(3.14573e+06,1.88757e+09)
(3.14573e+06,1.89745e+09)
(3.14573e+06,1.90734e+09)
(3.14573e+06,1.91722e+09)
(3.14573e+06,1.9271e+09)
(3.14573e+06,1.93698e+09)
(3.14573e+06,1.94687e+09)
(3.14573e+06,1.95675e+09)
(3.14573e+06,1.96663e+09)
(3.14573e+06,1.97651e+09)
(-2.77616e-19,-5.95313e-20)
(1.29394e-18,-1.0707e-18)
(-3.51856e-19,1.2486e-18)
(-5.19382e-19,-6.71961e-19)
(-3.84568e-19,8.60366e-19)
(2.58409e-19,2.49716e-19)
(2.17182e-19,3.23243e-20)
(-2.29965e-19,2.70309e-19)
(-6.82601e-19,8.54621e-19)
(3.8425e-19,-1.53521e-19)
(3.05064e-19,-2.20444e-19)
(-1.23378e-19,2.32218e-21)
(1.49808e-19,1.21684e-18)
(-4.2773e-20,4.43663e-19)
(-1.44661e-19,5.54461e-19)
(4.24896e-19,1.80769e-19)
(2.59909e-20,8.36828e-19)
(6.39306e-20,6.39127e-20)
(-3.72507e-19,3.16018e-19)
(2.09491e-19,5.48264e-19)
(-2.13364e-19,2.83071e-19)
(5.1579e-19,3.1426e-19)
(-3.3896e-19,8.69124e-19)
(3.32606e-20,1.05393e-19)
(-5.80002e-19,2.19397e-19)
(-3.06556e-19,1.56111e-19)
(-3.56139e-19,1.4517e-19)
(-6.87414e-19,-5.70651e-20)
(-3.58654e-20,-1.47758e-19)
(-1.1564e-19,-5.12341e-20)
(2.04542e-19,3.73278e-19)
(-3.90927e-19,5.84892e-19)
(4.35788e-21,2.80914e-22)
(-4.51625e-19,4.92509e-20)
(4.1128e-20,6.99026e-19)
(4.69976e-20,1.93422e-19)
(1.81897e-20,-1.99111e-19)
(4.73577e-20,1.12789e-18)
(2.20545e-19,1.46738e-19)
(-2.49341e-19,1.08496e-18)
(-5.85766e-19,2.49008e-18)
(8.03267e-19,-4.65553e-20)
(1.10339e-19,3.99819e-19)
(-2.05309e-19,8.47148e-19)
(-5.53057e-19,7.9752e-19)
(-3.45756e-19,6.22172e-19)
(7.5793e-19,3.50918e-19)
(2.81138e-19,5.41997e-19)
(-1.85119e-19,5.43211e-19)
(-1.96359e-19,4.8576e-19)
(-1.04064e-18,-1.87182e-19)
(-2.56907e-19,-2.01241e-19)
(-3.47748e-19,4.71222e-20)
(1.05046e-19,-1.25018e-19)
(-5.58976e-19,1.0769e-18)
(-3.04845e-20,2.29309e-20)
(-5.42024e-21,1.08079e-19)
(-2.06236e-20,1.84921e-20)
(-1.93724e-20,7.50168e-21)
(-1.09796e-20,1.1963e-21)
(-1.80554e-20,4.68683e-21)
(3.27635e-20,3.70836e-20)
(-4.60115e-21,-1.23454e-21)
(4.27774e-20,-5.5077e-20)
(8.17671e-21,4.00205e-20)
(4.72589e-21,1.47059e-20)
(-2.15577e-20,-9.74976e-21)
(1.69854e-20,-3.58027e-20)
(-3.81308e-20,-1.70892e-20)
(-9.41495e-20,-5.74063e-20)
(-3.68198e-21,-1.82174e-19)
(-1.69242e-19,6.27307e-20)
(-3.46899e-20,1.59734e-19)
(-8.12425e-20,4.46931e-22)
(-2.04203e-20,-3.74752e-20)
(1.77878e-20,-4.68866e-20)
(-1.08781e-19,1.68699e-19)
(-3.06811e-20,9.39731e-20)
(1.37924e-19,7.11666e-20)
(2.70041e-20,1.08278e-19)
(-2.00797e-19,-7.72109e-20)
(-2.27665e-20,3.49276e-20)
(-1.36393e-19,6.76042e-20)
(2.15761e-19,-8.46564e-20)
(1.22685e-20,2.68684e-20)
(2.15932e-20,-1.37104e-19)
(-3.51951e-20,3.26228e-19)
(9.59945e-20,-4.06651e-20)
(1.01453e-19,-3.51306e-20)
(9.98324e-21,8.47731e-21)
(4.54392e-20,-6.41155e-20)
(6.10006e-20,-1.80279e-19)
(-2.01407e-20,-6.523e-20)
(-7.18358e-20,-9.89175e-21)
(-8.46179e-20,2.68244e-19)
(-9.34672e-20,1.51164e-19)
(3.49298e-20,1.55551e-19)
(2.5006e-20,7.87153e-20)
(-2.42371e-21,1.22614e-19)
(-3.09794e-20,-2.489e-20)
(1.42635e-19,-9.45931e-20)
(3.90243e-19,2.29788e-19)
(-1.05097e-19,5.53196e-20)
(1.34427e-19,4.79397e-19)
(-6.85411e-20,1.62591e-19)
(2.35565e-19,4.64677e-19)
(-4.00733e-20,1.78294e-19)
(-1.07528e-19,1.27152e-19)
(-7.40783e-20,2.30664e-19)
(5.43205e-20,3.52021e-19)
(-1.16849e-19,3.02996e-19)
(-7.61184e-20,3.33441e-20)
(-3.7655e-19,-3.94509e-19)
(-5.29912e-19,-4.79781e-19)
(-1.6572e-19,-3.05481e-19)
(-2.98047e-19,-1.80801e-19)
(-4.58583e-19,-1.7711e-19)
(1.07622e-20,-3.44635e-20)
(-2.78981e-19,-1.25325e-19)
(-4.0704e-20,-7.75982e-20)
(-3.59965e-19,-2.48064e-19)
(5.20843e-19,-2.60176e-19)
(-4.09298e-19,-9.04112e-20)
(-1.59126e-20,3.68364e-20)
(2.37723e-19,8.61093e-20)
(-5.24666e-19,-1.47727e-19)
(-4.81651e-19,1.41923e-19)
(-6.98532e-20,-1.99658e-19)
(2.82285e-19,-2.11248e-19)
(-3.86761e-19,-2.48604e-19)
(-1.97166e-19,2.22671e-20)
(-1.70028e-19,-3.21655e-19)
(3.40269e-19,1.58417e-19)
(-1.89076e-19,-5.98029e-20)
(-8.67208e-20,-2.93804e-19)
(-3.74399e-19,-2.79115e-19)
(-4.34769e-19,-1.30972e-19)
(8.44861e-20,-2.97921e-19)
(3.43958e-21,-3.29332e-19)
(2.8936e-20,-1.44559e-21)
(-2.36005e-19,-7.98617e-20)
(-5.20264e-19,-5.37183e-19)
(-1.89911e-19,-9.65664e-20)
(-2.6332e-19,-1.32794e-19)
(5.22085e-19,1.09066e-19)
(1.78716e-19,-8.45596e-20)
(-3.67808e-19,-2.54238e-19)
(-1.30705e-21,-7.30602e-20)
(8.95641e-22,1.85657e-21)
(-1.49664e-19,-4.06277e-19)
(-1.98436e-19,1.89893e-19)
(2.33694e-19,-2.3276e-19)
(-2.03263e-19,-4.83121e-19)
(1.98006e-20,-4.1635e-19)
(2.32229e-19,1.47988e-20)
(-1.77411e-19,-3.0121e-19)
(-1.97345e-20,-2.50509e-19)
(-2.64364e-19,-3.90799e-19)
(-3.67909e-19,-3.87528e-19)
(-3.32651e-20,-4.35304e-19)
(8.83792e-20,-7.87583e-20)
(-1.68469e-19,1.35813e-19)
(-2.95766e-19,-2.8886e-19)
(1.30136e-19,-2.85802e-19)
(-2.33157e-20,-1.19597e-19)
(1.41053e-19,3.14794e-20)
(1.68989e-19,-3.66598e-19)
(-3.19578e-19,-1.9906e-19)
(3.81782e-19,5.01818e-19)
(1.74903e-19,2.70558e-20)
(9.37872e-20,-5.03386e-20)
(-3.30055e-19,1.5225e-19)
(-3.60393e-19,1.70588e-19)
(-2.41636e-19,-2.72565e-21)
(1.78181e-20,2.56566e-19)
(1.30711e-19,-2.96138e-19)
(-3.7448e-19,-2.55472e-19)
(-1.48148e-19,-1.88576e-19)
(-5.85634e-20,1.42927e-19)
(-5.03728e-19,-5.70289e-19)
(-4.66449e-19,-1.43258e-19)
(-1.79279e-19,-3.08101e-21)
(-2.12552e-19,-5.647e-19)
(-3.01924e-20,-1.22477e-19)
(-3.63897e-21,-3.58245e-19)
(-2.22839e-19,-1.88142e-19)
(3.092e-20,-1.73225e-19)
(-3.71451e-20,-2.89826e-19)
(3.46597e-20,3.17293e-19)
(2.60089e-19,-1.19439e-19)
(4.37536e-20,-1.23254e-19)
(-7.3632e-20,-3.29724e-20)
(-3.30827e-20,-8.37259e-20)
(2.09243e-19,-1.0233e-20)
(-3.3915e-19,-1.94989e-19)
(-1.90346e-19,-1.40825e-19)
(-4.12609e-20,-5.92372e-20)
(1.34248e-19,-2.71247e-19)
(1.47788e-19,-2.18313e-19)
(-3.33992e-19,-1.52612e-19)
(6.39859e-19,-1.09777e-19)
(1.5661e-19,-2.13473e-19)
(1.71002e-19,-1.10485e-19)
(2.09871e-19,-1.74054e-20)
(-2.33207e-19,-1.44487e-19)
(-4.64795e-19,1.56961e-19)
(1.83503e-19,-2.70589e-20)
(-5.2532e-20,-2.22646e-19)
(2.35288e-19,3.25694e-19)
(-1.60728e-19,-5.46429e-20)
(-2.22892e-19,-1.78517e-19)
(-1.26888e-19,-1.2449e-19)
(4.03083e-19,-3.63594e-19)
(8.89006e-20,-7.04806e-20)
(-2.56587e-19,-3.37644e-19)
(-2.10395e-20,7.14934e-21)
(-2.10071e-19,-2.11571e-20)
(4.68912e-19,2.03438e-19)
(4.94644e-20,-2.16236e-19)
(3.77494e-19,-1.57339e-19)
(-1.25538e-19,4.99521e-20)
(4.0045e-19,2.75347e-20)
(4.15814e-19,3.2565e-19)
(3.20821e-19,7.15298e-20)
(1.56449e-19,-1.02199e-19)
(5.1103e-19,2.95373e-20)
(2.70353e-19,-2.18684e-20)
(2.59756e-20,6.77281e-20)
(9.22207e-19,1.02841e-19)
(7.08779e-19,1.75345e-19)
(-4.67599e-19,6.6557e-20)
(3.43146e-20,4.98065e-19)
(1.30395e-18,5.03464e-19)
(-4.86355e-19,-3.33111e-19)
(4.9674e-19,-2.48588e-19)
(-2.54402e-19,-1.5757e-19)
(1.1998e-19,2.15933e-19)
(1.4014e-19,2.46811e-19)
(2.38272e-19,-3.04117e-20)
(-1.55746e-19,2.98067e-19)
(-8.12864e-19,5.94803e-19)
(-8.45363e-19,4.09807e-19)
(-1.48447e-19,-1.97333e-19)
(-1.98882e-19,1.94184e-19)
(-1.07196e-19,1.4625e-19)
(3.35742e-19,1.79997e-19)
(-3.70767e-19,-2.64453e-19)
(5.9334e-20,-1.74679e-19)
(-1.04034e-19,-5.55212e-19)
(9.48867e-19,1.68986e-20)
(8.44655e-20,1.34566e-19)
(-7.22269e-19,1.02004e-19)
(2.32317e-19,-8.42063e-20)
(-4.66491e-19,3.14018e-19)
(7.31661e-20,1.50696e-19)
(-4.96155e-19,6.49355e-20)
(-5.12344e-20,-1.33151e-19)
(3.54311e-20,-3.17757e-19)
(-1.47777e-19,-6.07229e-20)
(3.20954e-20,-1.13261e-19)
(9.06498e-20,-1.00812e-19)
(-3.72665e-19,-2.01951e-19)
(3.73013e-19,2.11792e-19)
(4.13494e-21,-1.28538e-19)
(-1.32416e-19,6.35845e-20)
(2.52668e-21,-9.0466e-21)
(-3.67677e-20,-5.40826e-20)
(8.8295e-20,-6.46376e-20)
(6.33847e-20,1.57839e-19)
(-1.82854e-19,-3.9268e-19)
(-2.16878e-19,-3.02858e-20)
(-7.07011e-19,1.77292e-20)
(-2.88473e-19,-3.77247e-19)
(2.91145e-19,-9.01266e-20)
(5.17262e-20,-4.25254e-20)
(-7.5815e-19,-1.20338e-20)
(-5.43722e-19,-1.82381e-19)
(4.26726e-19,-2.67759e-22)
(7.69451e-20,-2.75569e-19)
(-3.15589e-21,-1.35569e-20)
(-2.56037e-19,9.91562e-20)
(-1.11893e-19,-1.66766e-19)
(-3.0219e-20,2.4393e-19)
(-3.15212e-19,1.06081e-19)
(-2.58886e-19,2.21409e-21)
(1.06455e-20,-2.28587e-19)
(9.25436e-20,-1.85638e-19)
(-5.17501e-20,-2.12717e-20)
(1.9129e-19,-5.10092e-20)
(6.58732e-20,-1.32485e-20)
(2.52556e-19,1.9612e-20)
(-4.58312e-20,-5.18914e-20)
(-9.70775e-20,-1.23999e-19)
(-1.85883e-19,1.47986e-19)
(2.49209e-19,-5.36486e-20)
(8.76068e-20,2.67119e-19)
(1.93998e-19,2.71343e-19)
(-4.47476e-20,1.84002e-20)
(9.27009e-20,-8.53765e-20)
(-3.73558e-20,1.59134e-19)
(-2.3107e-19,1.44093e-19)
(-1.89997e-20,2.03727e-21)
(1.96579e-19,-8.85326e-20)
(1.46671e-19,-3.35705e-20)
(-3.19045e-20,2.83179e-21)
(2.73036e-20,-1.69721e-19)
(-2.31098e-19,7.47582e-20)
(-1.38073e-19,3.93e-19)
(-1.5538e-20,-2.81275e-19)
(-1.15397e-19,-4.18479e-20)
(-2.54169e-19,1.70378e-19)
(3.31873e-20,1.75209e-19)
(1.74935e-20,2.60504e-21)
(-1.94834e-20,1.06299e-19)
(-1.37319e-20,2.15258e-20)
(4.16189e-22,3.2362e-20)
(1.2559e-19,-8.035e-21)
(2.8379e-19,-3.71518e-19)
(-1.54868e-19,-2.86258e-20)
(1.32983e-19,3.99189e-20)
(9.65632e-20,1.86627e-19)
(-2.58459e-20,2.8454e-21)
(-7.54305e-20,-3.07533e-20)
(-6.36298e-20,1.20535e-19)
(1.80465e-20,-6.78414e-20)
(1.93094e-19,8.08771e-20)
(-1.51971e-20,3.21288e-19)
(6.29584e-20,2.0085e-19)
(3.33316e-20,-1.18691e-20)
(3.70541e-21,-3.6396e-22)
(-5.12789e-21,6.87358e-20)
(-2.23663e-20,1.16783e-20)
(1.11247e-20,2.04706e-20)
(-4.5196e-20,8.98504e-20)
(-2.99907e-20,-6.34188e-20)
(4.59445e-20,-3.45736e-20)
(1.54964e-19,-1.41847e-19)
(9.81387e-21,-2.06767e-19)
(2.82048e-20,-1.66536e-19)
(2.39266e-20,-1.18046e-19)
(1.27604e-19,3.25105e-20)
(-5.58577e-20,-5.59031e-20)
(2.58815e-20,6.19224e-22)
(3.09406e-20,-9.00486e-20)
(-3.64542e-20,1.10548e-20)
(1.30418e-19,5.87805e-20)
(4.64209e-20,7.74213e-21)
(-2.21193e-20,-5.28319e-20)
(1.03787e-20,7.01367e-21)
(9.58856e-20,9.24248e-20)
(2.946e-20,-2.51531e-20)
(-5.21448e-20,-2.85547e-20)
(-5.26419e-20,-2.97151e-20)
(2.94843e-21,7.32534e-20)
(1.55196e-19,-1.15175e-19)
(1.02914e-19,1.97275e-20)
(3.66307e-20,-8.17026e-20)
(-1.30939e-20,-2.71209e-20)
(-1.85675e-20,9.20257e-20)
(1.43968e-20,1.91057e-20)
(-2.48583e-19,3.02467e-19)
(5.92857e-20,-3.58987e-20)
(-2.03127e-19,9.43742e-20)
(-8.56724e-20,1.52653e-19)
(6.59175e-20,5.71556e-20)
(1.47404e-19,1.1033e-19)
(-6.81397e-20,-1.12093e-19)
(1.19155e-21,-8.29278e-20)
(-8.13763e-20,7.13623e-20)
(-7.34703e-20,1.46793e-19)
(-1.3079e-21,-4.10721e-20)
(-1.98595e-19,-3.31166e-20)
(-5.94274e-21,-1.03898e-19)
(5.42611e-20,3.52853e-20)
(-6.85406e-20,3.11025e-20)
(1.95189e-19,1.70892e-19)
(-2.26331e-21,3.63273e-20)
(9.51031e-21,3.4727e-21)
(-2.08139e-20,2.18046e-21)
(3.09923e-20,4.29538e-20)
(-4.15868e-20,-1.40382e-20)
(-2.71384e-20,1.18554e-19)
(1.3924e-19,-1.78106e-20)
(1.22971e-20,3.97795e-20)
(6.15632e-20,-8.19618e-21)
(-2.78164e-22,-1.03929e-20)
(-6.22812e-20,-1.02453e-19)
(-1.02322e-20,-2.97427e-20)
(5.09051e-20,-1.34769e-19)
(1.463e-20,-4.70204e-20)
(1.03902e-20,3.28922e-21)
(3.56524e-20,4.67701e-20)
(1.02136e-21,-7.74902e-20)
(7.86607e-20,4.0953e-21)
(-3.62455e-20,-1.59795e-20)
(7.17712e-20,4.59901e-20)
(-9.79112e-20,-1.20309e-19)
(-9.25081e-20,2.08115e-21)
(1.45485e-20,2.50995e-20)
(-6.25764e-21,-2.63793e-20)
(1.51662e-19,3.4446e-19)
(1.70699e-20,2.97382e-19)
(-1.18278e-19,4.59014e-19)
(-4.65715e-22,-6.03713e-20)
(-9.64823e-20,1.10033e-20)
(7.07915e-20,-7.96685e-20)
(-1.88609e-20,2.09085e-20)
(-7.83137e-20,2.18394e-19)
(-5.89086e-20,-2.00069e-20)
(2.87075e-19,-5.86724e-20)
(1.07086e-19,-1.67136e-21)
(2.99243e-20,-7.12227e-20)
(6.00367e-20,5.81042e-21)
(-8.49647e-20,8.19124e-20)
(-7.51988e-20,2.20325e-19)
(-1.17046e-19,2.97379e-19)
(-3.467e-20,3.68413e-19)
(1.02553e-20,1.59637e-19)
(-1.87936e-20,5.47128e-20)
(-2.68962e-20,3.88575e-20)
(-3.10048e-20,-1.72803e-20)
(-2.05356e-20,3.88843e-20)
(7.99127e-20,-6.28185e-20)
(4.69623e-20,3.37773e-20)
(1.36731e-19,-1.94881e-19)
(-1.17096e-19,1.30202e-20)
(4.07616e-20,-1.2932e-19)
(1.38852e-19,-9.24716e-20)
(5.68685e-20,-1.56032e-19)
(7.27009e-20,5.01945e-21)
(1.24436e-19,1.36172e-19)
(2.07668e-22,-1.53697e-20)
(1.35655e-20,-7.13138e-20)
(-1.3995e-19,-2.82587e-20)
(-4.98776e-21,-5.58272e-20)
(7.06697e-21,-3.79101e-20)
(6.49532e-20,6.73496e-20)
(3.71503e-20,-4.50541e-20)
(-8.30204e-20,4.41356e-21)
(-1.82031e-20,-1.08398e-20)
(-3.27208e-20,-6.03794e-20)
(-1.18932e-20,-5.53259e-20)
(-1.48728e-19,-8.22958e-20)
(6.49264e-20,-3.02503e-20)
(6.73001e-20,-4.69072e-20)
(1.16794e-19,-2.70861e-20)
(-1.2653e-19,-5.61582e-20)
(-2.39042e-19,-5.81127e-20)
(-3.21501e-19,-1.87654e-22)
(6.32404e-20,7.61219e-20)
(-4.23805e-20,6.91791e-20)
(3.50873e-20,1.97464e-20)
(-5.89591e-20,2.02216e-20)
(1.74029e-20,7.79767e-21)
(1.89973e-19,1.49453e-19)
(-1.75215e-19,-1.6904e-20)
(-2.20518e-20,-1.72453e-20)
(2.95506e-19,-1.86398e-20)
(7.88298e-20,7.79609e-20)
(1.19101e-19,-8.4711e-20)
(7.88174e-20,6.41407e-20)
(-4.72903e-19,-1.5355e-20)
(-1.42192e-19,-7.93064e-20)
(-2.29794e-20,8.57112e-20)
(-1.1399e-19,-3.36903e-20)
(3.0551e-20,1.15718e-19)
(1.32469e-19,-1.68722e-19)
(-7.98006e-20,1.9311e-19)
(-1.77649e-20,-7.1896e-20)
(-4.87642e-20,2.5435e-20)
(-1.24794e-19,1.01669e-19)
(-4.28277e-20,-2.59579e-21)
(-1.00658e-19,1.52964e-19)
(3.93406e-20,5.10026e-22)
(5.20354e-20,7.701e-21)
(2.73895e-20,8.13829e-20)
(-3.16268e-20,-2.81835e-21)
(-4.2082e-21,-1.14495e-20)
(6.74358e-20,3.06155e-20)
(1.92481e-20,-2.91775e-21)
(2.07292e-20,2.47153e-21)
(8.05993e-21,5.45787e-20)
(9.17985e-20,-3.08057e-20)
(6.41242e-20,5.6754e-20)
(-4.30564e-20,-6.01244e-21)
(1.3894e-19,4.74036e-20)
(-2.72296e-20,-9.297e-21)
(4.85698e-20,4.57546e-20)
(-3.16037e-20,8.96402e-20)
(-2.22732e-19,2.46812e-19)
(-8.32865e-20,1.17147e-19)
(3.888e-20,1.66923e-19)
(1.30431e-19,6.38043e-20)
(3.11462e-19,3.33255e-19)
(-2.35735e-20,2.42309e-20)
(-1.24829e-19,8.01211e-20)
(-1.87084e-19,-3.47352e-20)
(-4.08557e-20,-4.75299e-20)
(-2.18922e-19,-2.76755e-19)
(-3.09787e-20,-1.50594e-19)
(2.2443e-20,1.596e-21)
(6.34099e-20,-1.93951e-19)
(1.70521e-19,6.36717e-21)
(-2.05619e-19,2.17142e-19)
(-4.08452e-20,1.17209e-20)
(7.47107e-20,1.68411e-19)
(-1.33078e-19,-7.22975e-20)
(-6.74408e-20,1.85741e-20)
(1.96682e-19,3.0442e-19)
(-1.80955e-20,6.10451e-19)
(-2.54644e-20,4.05221e-19)
(-3.51268e-20,9.91691e-20)
(5.38858e-21,1.89741e-19)
(-1.09308e-20,-1.52913e-19)
(-1.61149e-19,2.81893e-20)
(8.06552e-21,-2.39493e-19)
(6.38459e-20,-2.34278e-21)
(-1.81061e-20,-6.37226e-20)
(9.32171e-20,-2.05593e-19)
(3.44811e-20,1.96071e-20)
(1.17181e-19,-6.38127e-20)
(-9.29381e-21,-3.0631e-20)
(-3.2653e-21,1.05405e-19)
(1.58657e-20,-1.72465e-20)
(-4.82971e-20,6.04847e-20)
(3.73227e-20,2.58439e-20)
(7.30435e-20,2.12859e-20)
(4.66576e-20,-7.67791e-20)
(3.46645e-21,3.06899e-21)
(2.77755e-21,-5.57719e-20)
(1.25046e-19,-7.9889e-20)
(-1.7986e-19,-2.21944e-19)
(1.74542e-19,-1.44094e-21)
(5.86925e-20,-3.61776e-20)
(-5.33313e-20,2.16264e-20)
(1.75077e-20,-1.80786e-20)
(-2.0082e-19,-2.59038e-19)
(1.20483e-19,-4.99523e-19)
(1.18255e-19,-1.23771e-19)
(3.60499e-20,1.8295e-20)
(3.82747e-20,-6.14358e-20)
(2.35866e-19,-2.50697e-19)
(6.3807e-20,-2.52081e-19)
(-1.02041e-20,6.88868e-20)
(-1.76843e-20,4.29604e-20)
(1.4832e-20,-9.54183e-21)
(2.71466e-20,4.84623e-20)
(-2.45949e-20,-3.57216e-20)
(-1.94307e-19,-6.69651e-20)
(-1.19924e-19,-5.0418e-20)
(2.48199e-19,1.02858e-19)
(-1.02074e-20,-1.60871e-20)
(-4.96949e-20,-6.61559e-21)
(4.3692e-20,-1.27982e-21)
(2.48404e-20,3.36271e-20)
(-1.15021e-19,-9.319e-20)
(-2.06743e-20,-7.18909e-21)
(-2.077e-19,6.7154e-20)
(-6.08671e-20,3.77633e-20)
(7.17668e-20,1.37842e-20)
(8.3641e-21,-1.20069e-20)
(4.62446e-20,5.65937e-20)
(-2.65612e-20,-5.37198e-20)
(-2.00661e-20,-2.78071e-21)
(-1.4014e-20,-4.90629e-20)
(-1.77947e-20,-6.4645e-21)
(-2.02155e-19,2.08679e-20)
(-1.69767e-20,1.28591e-20)
(1.63123e-19,1.58434e-19)
(1.08469e-19,-5.50931e-20)
(-4.73025e-20,1.08043e-19)
(3.9056e-20,6.77787e-20)
(-5.26735e-20,1.054e-19)
(-3.81109e-21,1.67245e-20)
(5.36708e-20,-4.52065e-20)
(-1.93504e-20,-4.61057e-20)
(1.57641e-19,-7.42339e-21)
(6.90437e-20,-1.33774e-19)
(6.14659e-20,3.86678e-20)
(-1.63075e-20,-5.30046e-20)
(6.39917e-22,-9.81071e-21)
(-6.18571e-20,7.38943e-20)
(-1.21356e-19,5.11819e-20)
(-1.39754e-19,1.86723e-19)
(4.06597e-20,-4.33782e-20)
(-1.13788e-19,7.15326e-20)
(-6.50512e-20,5.11818e-20)
(-1.58854e-20,1.97699e-20)
(-2.83571e-22,-6.03761e-21)
(-1.41718e-19,1.16965e-20)
(9.04035e-20,-6.15857e-20)
(-6.86266e-20,-3.71134e-20)
(2.42323e-20,-5.30064e-20)
(4.50209e-20,4.90898e-20)
(-1.17576e-19,2.22931e-19)
(4.02788e-20,1.35158e-19)
(-9.41461e-20,-1.12814e-19)
(-4.6243e-20,-3.89088e-20)
(-2.37695e-19,3.49894e-20)
(-2.08015e-21,-4.95506e-21)
(-4.51572e-20,4.91268e-20)
(-1.46241e-19,1.30057e-19)
(4.40965e-20,-5.07944e-20)
(2.45888e-21,-7.03882e-21)
(5.5937e-20,-1.28116e-20)
(7.13114e-20,7.94821e-21)
(1.91685e-20,5.3132e-20)
(-3.44803e-21,8.85509e-21)
(-1.90718e-20,2.46804e-20)
(-1.76143e-20,1.79192e-20)
(-4.49824e-21,1.62149e-20)
(7.99584e-21,-3.0448e-20)
(4.71676e-20,2.87883e-21)
(3.7956e-20,-3.08269e-20)
(3.02169e-20,6.91803e-20)
(8.55981e-20,-1.53009e-20)
(3.78431e-20,-4.61249e-20)
(1.65447e-19,4.04821e-20)
(9.87281e-20,-1.58598e-20)
(2.70502e-20,-1.31911e-19)
(-1.34355e-20,1.95878e-20)
(6.98079e-20,-2.06794e-19)
(6.22942e-20,-6.74007e-20)
(-2.53561e-19,-4.03353e-19)
(1.1831e-19,-7.72614e-19)
(2.64274e-19,-1.41325e-18)
(4.62146e-20,-1.00589e-18)
(-1.53856e-21,-4.03805e-19)
(5.9557e-22,-3.67798e-19)
(1.6217e-19,-5.05433e-19)
(-5.26646e-19,-8.6757e-19)
(1.38311e-19,-9.47823e-19)
(-4.0999e-19,-1.05694e-18)
(3.02578e-19,-1.09142e-18)
(-2.79408e-19,-3.31094e-19)
(1.38306e-19,-6.2025e-19)
(-6.89088e-19,-5.57321e-19)
(2.90627e-19,-8.03137e-19)
(5.72343e-19,-7.33524e-19)
(1.00228e-19,-3.39422e-19)
(-3.23811e-19,-5.32301e-19)
(-1.82334e-19,-8.93087e-19)
(1.40952e-20,-4.51442e-19)
(-4.56405e-19,-5.39719e-19)
(4.6829e-19,-6.16749e-19)
(-6.25051e-20,-6.47577e-19)
(1.86612e-19,-4.7081e-19)
(1.78168e-19,-3.61101e-19)
(-1.24557e-19,-1.11067e-19)
(1.79961e-19,-2.47261e-19)
(4.0605e-19,-2.59698e-19)
(1.71908e-19,-4.91132e-19)
(-2.52654e-20,-3.12373e-19)
(-1.59434e-19,-8.29421e-19)
(-1.10151e-19,-4.90338e-19)
(1.30825e-19,-5.15396e-19)
(-1.6771e-19,-6.15805e-19)
(-1.45233e-19,-1.73245e-19)
(-9.69456e-22,-7.74403e-19)
(3.12688e-19,-3.97947e-19)
(5.48288e-19,-3.37829e-19)
(3.20503e-19,-3.79319e-19)
(-1.04959e-19,-3.37953e-19)
(-2.05051e-19,-5.07687e-19)
(-7.41758e-19,-7.81205e-19)
(-1.44416e-19,-2.45467e-19)
(6.51157e-20,-4.57358e-19)
(6.86019e-19,-2.04427e-19)
(-3.88226e-19,-5.69865e-19)
(1.95096e-19,-7.88267e-19)
(-4.25935e-19,-8.37004e-19)
(6.66225e-19,-5.92036e-19)
(2.51307e-19,-2.81068e-19)
(-4.0371e-19,-5.54337e-19)
(-2.42523e-19,-4.92391e-19)
(1.35818e-19,-1.72954e-19)
(-5.94445e-20,-6.22194e-19)
(1.39588e-19,-2.44766e-19)
(3.21264e-19,-3.86849e-19)
(1.54537e-19,-5.35687e-19)
(-8.31217e-20,-1.24135e-18)
(-3.09392e-19,-7.80369e-19)
(1.07191e-18,-1.11688e-18)
(2.48849e-20,-2.69853e-19)
(-1.04016e-19,-6.6366e-19)
(-3.27961e-20,-4.65517e-19)
(4.91213e-20,-3.42698e-19)
(-9.06391e-20,-3.89072e-19)
(-1.0055e-19,-4.47156e-19)
(1.99754e-19,-3.31187e-19)
(-9.49603e-20,-3.92947e-19)
(-4.43911e-19,-4.93014e-19)
(-5.6367e-19,-1.75211e-19)
(-7.33459e-19,-1.8404e-19)
(1.96604e-19,-4.25621e-19)
(4.78689e-19,-8.05258e-19)
(3.45765e-19,-1.08823e-18)
(-2.45031e-19,-8.96148e-19)
(-1.20437e-20,-5.58294e-19)
(-2.72672e-19,-6.68792e-19)
(3.7959e-19,-1.76381e-19)
(-2.20559e-19,-7.21235e-19)
(1.12487e-19,-3.27623e-19)
(5.04812e-20,-8.70588e-19)
(-2.28636e-19,-3.76702e-19)
(1.56039e-19,-7.28895e-19)
(-2.70946e-19,-2.61374e-19)
(2.07771e-20,-5.54327e-19)
(4.84112e-20,-3.12948e-19)
(2.11065e-19,-6.60201e-19)
(1.17031e-19,-7.40943e-20)
(-1.47873e-19,2.16374e-19)
(8.03424e-20,-6.27006e-19)
(-2.1377e-19,-5.57962e-19)
(2.25493e-19,-1.21874e-18)
(-7.56771e-20,-3.66199e-19)
(-4.86521e-19,-5.35014e-19)
(-4.22954e-20,-2.60032e-19)
(-1.91572e-19,-6.87493e-19)
(-1.58594e-19,-1.04475e-19)
(-6.6412e-19,-5.40028e-19)
(-7.43903e-19,-1.29661e-18)
(-1.76094e-19,-2.68281e-19)
(-3.8886e-19,-4.19934e-19)
(4.93728e-20,-5.57493e-19)
(1.86215e-20,-8.35122e-20)
(-5.58067e-19,-2.77735e-19)
(4.43964e-20,-3.15857e-19)
(1.59745e-19,-2.40293e-19)
(3.0857e-19,-3.28923e-19)
(-7.35223e-20,-2.02448e-19)
(4.84893e-20,-1.55626e-19)
(1.82972e-20,-3.30277e-19)
(-4.2891e-20,9.43979e-21)
(1.36651e-19,1.71691e-19)
(2.12635e-19,-5.32943e-19)
(2.84527e-19,-3.86669e-19)
(2.60343e-19,-1.9188e-19)
(3.08767e-19,-3.28103e-19)
(1.77866e-19,-2.99364e-19)
(1.81794e-19,-3.05672e-19)
(4.31745e-19,-4.25588e-19)
(-4.61888e-19,-7.2557e-20)
(-3.52591e-19,3.69551e-19)
(1.38029e-19,7.97324e-20)
(-3.58102e-19,-4.20776e-19)
(1.78466e-19,-5.05004e-19)
(-1.10045e-19,-4.78952e-19)
(2.82149e-19,-1.70237e-19)
(-1.77304e-19,-2.90292e-19)
(8.17817e-19,-4.96697e-19)
(-2.45519e-19,-3.32184e-19)
(-9.69619e-19,-1.225e-19)
(-2.08825e-19,-5.57528e-19)
(1.69211e-19,-5.33997e-19)
(-4.10977e-19,8.30216e-20)
(-2.29345e-19,-9.15251e-20)
(3.42042e-19,-4.97349e-19)
(-6.498e-20,-6.466e-19)
(-3.03418e-20,-1.05937e-19)
(-1.50745e-20,-4.98458e-19)
(6.76639e-19,-5.06328e-19)
(1.0284e-19,-1.58268e-19)
(-4.26676e-20,-2.17016e-19)
(1.04398e-19,-6.03451e-19)
(-3.79841e-21,1.46079e-19)
(-1.97158e-20,-3.2349e-20)
(-3.51782e-19,-5.49003e-19)
(-3.04391e-19,-2.81025e-19)
(7.90446e-20,-6.73046e-19)
(-1.75063e-19,-2.46004e-21)
(-1.01379e-19,-3.1572e-19)
(2.30714e-19,6.8972e-20)
(-4.41819e-19,-5.01536e-19)
(1.96289e-19,-2.55762e-19)
(-2.66352e-20,-8.81278e-20)
(7.44793e-20,-2.37085e-19)
(6.05993e-21,-1.0482e-20)
(3.9616e-20,-2.62585e-19)
(-3.76698e-20,-1.71948e-19)
(6.65492e-20,-1.99276e-19)
(9.79415e-20,-2.59202e-19)
(2.36663e-19,1.06819e-19)
(1.56139e-20,2.81082e-19)
(6.83623e-20,-5.20179e-20)
(-3.33618e-20,-2.69297e-19)
(4.55338e-20,-3.21611e-19)
(1.00482e-19,4.50296e-20)
(7.95359e-20,7.52044e-20)
(4.59284e-20,-4.51253e-19)
(-2.06357e-20,5.00891e-20)
(-2.04864e-19,-2.6082e-19)
(-7.37349e-20,-9.1913e-20)
(-1.32558e-19,-3.8875e-20)
(1.95499e-19,5.99044e-20)
(-2.79684e-19,-3.93161e-19)
(-3.03012e-19,-4.5455e-19)
(-5.09688e-19,-4.126e-19)
(3.61172e-20,1.20554e-19)
(-1.39681e-19,-2.05442e-20)
(3.2624e-19,2.22429e-19)
(8.11605e-20,1.69574e-19)
(1.64372e-19,1.46831e-19)
(-3.73452e-19,-5.60748e-19)
(-1.93437e-19,-7.34914e-19)
(4.81419e-22,-6.68218e-19)
(-8.19455e-20,9.33556e-21)
(1.17527e-19,3.43457e-19)
(-2.91207e-19,3.08168e-19)
(-1.96704e-20,-1.08816e-19)
(3.26224e-19,-1.12808e-21)
(-2.34032e-19,6.25181e-20)
(-2.59471e-19,-2.06766e-20)
(-1.42199e-19,-1.9995e-20)
(7.28876e-20,8.20904e-20)
(2.32076e-19,-1.48396e-19)
(1.02153e-19,1.12274e-19)
(1.97158e-20,-1.72089e-19)
(9.97808e-20,-3.44619e-21)
(9.90689e-20,1.72981e-19)
(9.27418e-20,1.46045e-19)
(-6.06769e-20,-2.53184e-19)
(-1.33687e-19,-1.21597e-19)
(-1.76192e-19,-0)
(-1.38816e-19,1.12764e-19)
(1.36823e-19,1.47431e-19)
(3.17082e-20,5.87288e-21)
(3.9681e-20,5.20598e-20)
(2.63835e-20,2.33127e-20)
(-1.65324e-20,-1.19676e-20)
(-3.02119e-20,-2.43894e-21)
(-5.03958e-20,2.00051e-19)
(-8.94044e-20,-6.01786e-20)
(1.42275e-21,8.06671e-20)
(-4.80819e-21,3.50253e-20)
(3.32382e-20,9.65278e-20)
(3.97208e-20,5.22847e-20)
(6.47521e-20,1.24027e-20)
(6.4396e-22,-4.44961e-21)
(1.25715e-20,3.4628e-20)
(4.09651e-20,6.18902e-20)
(-2.63999e-20,2.77748e-19)
(8.29629e-20,1.97595e-19)
(-4.29308e-20,2.31101e-19)
(2.28686e-20,-3.95645e-20)
(5.08261e-20,9.17389e-20)
(1.88112e-19,1.39869e-19)
(6.99223e-20,1.41936e-21)
(-3.11417e-20,-8.95638e-20)
(-1.48168e-19,-6.19459e-20)
(3.00813e-20,2.72488e-19)
(6.88599e-20,-2.36154e-20)
(3.57896e-20,-3.93564e-20)
(1.34053e-20,2.35647e-20)
(1.08956e-20,7.5869e-21)
(-5.65692e-20,2.37732e-21)
(-8.25857e-21,7.36232e-20)
(-2.2458e-21,1.6063e-20)
(-1.13479e-19,8.73801e-20)
(9.36079e-20,8.95845e-20)
(9.87108e-20,4.04739e-20)
(1.72926e-20,2.20732e-20)
(-4.59251e-21,-1.18585e-20)
(7.7118e-20,-1.6432e-19)
(4.18702e-20,3.59493e-20)
(3.62901e-20,8.76481e-21)
(-2.89116e-20,2.26019e-20)
(-1.0738e-20,1.35761e-21)
(-5.27534e-21,1.60654e-20)
(1.69365e-20,9.38747e-20)
(-3.19226e-20,5.27179e-20)
(2.85377e-20,6.61744e-20)
(2.99849e-20,-2.63602e-21)
(-1.28034e-19,2.90724e-19)
(-1.16996e-20,1.44995e-19)
(-4.47298e-20,-9.40298e-21)
(6.29319e-21,-3.83448e-20)
(-3.02318e-20,3.94102e-20)
(-5.39239e-20,-5.17236e-20)
(-1.30554e-20,6.58899e-20)
(1.21017e-20,8.50755e-20)
(4.97599e-20,7.58128e-20)
(-9.12331e-20,2.58428e-20)
(3.48822e-20,3.61999e-20)
(2.04496e-20,3.29433e-20)
(1.42149e-19,-5.0458e-22)
(6.61083e-20,4.32781e-20)
(1.77683e-19,-3.55669e-19)
(2.96213e-20,-1.00916e-21)
(1.0996e-19,-1.24988e-19)
(-4.57216e-20,1.15268e-19)
(9.54963e-20,-1.59353e-19)
(2.54691e-19,3.76946e-20)
(4.26048e-20,-6.70471e-21)
(-1.77575e-19,-1.67139e-19)
(-1.52317e-20,-4.61567e-22)
(1.86339e-19,-5.97985e-20)
(4.76586e-20,1.64739e-20)
(1.23792e-20,-7.9772e-20)
(-2.6086e-20,3.53173e-20)
(6.91523e-22,2.80944e-20)
(-6.04073e-20,-7.89709e-21)
(5.42908e-20,-1.52925e-19)
(1.2544e-19,-1.44869e-19)
(7.48102e-21,-6.66013e-20)
(6.75873e-20,-6.49469e-20)
(5.03943e-20,-1.89734e-19)
(-5.82501e-21,-6.22991e-21)
(4.45321e-20,-2.56459e-20)
(-4.90063e-20,2.60293e-20)
(3.07976e-20,-5.51101e-20)
(8.12953e-21,2.15356e-20)
(-1.37546e-19,-2.29072e-19)
(6.02386e-20,-1.12536e-19)
(-2.7694e-20,1.62657e-20)
(5.78017e-20,3.91256e-21)
(8.48166e-20,-3.86271e-20)
(4.18553e-20,-4.46727e-20)
(2.78925e-21,1.71723e-21)
(-1.6676e-20,-5.32043e-20)
(-1.00371e-19,-8.74743e-20)
(-5.67032e-20,3.95061e-20)
(2.15431e-20,4.0115e-20)
(-8.86456e-20,-4.29158e-20)
(-1.66886e-19,1.29038e-19)
(-3.76159e-19,1.65109e-19)
(-1.5241e-19,-2.48253e-20)
(-1.91149e-19,-9.11747e-20)
(-1.17536e-19,-8.62253e-21)
(-8.13946e-22,6.00533e-22)
(-2.5683e-19,1.01247e-21)
(-1.28713e-19,1.53713e-19)
(2.47464e-19,2.1631e-19)
(-1.47141e-19,4.03912e-20)
(-1.53521e-19,-7.99685e-20)
(1.6039e-19,-2.97189e-20)
(-6.77196e-20,-3.98672e-20)
(1.1847e-19,4.37281e-20)
(-7.304e-21,-2.18544e-20)
(5.15797e-20,3.55539e-20)
(-1.56503e-21,-6.26846e-20)
(-6.89935e-20,2.70865e-19)
(-4.81336e-20,6.88409e-20)
(-9.3521e-21,6.33004e-20)
(-5.57623e-20,-4.39897e-20)
(-1.08493e-19,7.86384e-20)
(2.57088e-20,-1.41564e-19)
(-1.05102e-19,-8.07121e-21)
(-3.60287e-20,1.71061e-21)
(-1.8818e-19,1.067e-19)
(1.29685e-19,2.02643e-19)
(1.94057e-19,5.20627e-20)
(1.67474e-19,1.12139e-19)
(-1.39909e-19,-3.012e-19)
(3.5443e-20,-2.11762e-19)
(-1.18595e-19,-3.63968e-20)
(2.00509e-21,-1.16335e-20)
(-1.18717e-20,-2.41835e-20)
(2.14273e-20,2.21205e-20)
(2.02825e-20,-9.12711e-20)
(1.11471e-20,-2.64764e-20)
(3.04402e-20,-5.22778e-21)
(-4.55016e-20,3.6654e-20)
(-2.43125e-20,-1.45756e-19)
(4.14455e-19,1.36842e-19)
(-1.50249e-19,1.77649e-19)
(-3.88378e-20,1.51816e-19)
(2.69247e-20,4.10488e-21)
(5.84188e-20,-6.52745e-20)
(-7.14088e-20,-4.86912e-20)
(-2.19964e-20,1.1291e-20)
(-5.39156e-20,-7.99056e-21)
(-4.93331e-20,-1.16666e-20)
(-1.63219e-19,-2.95634e-20)
(1.14143e-19,-1.66544e-19)
(1.80964e-19,-1.08483e-19)
(-1.85967e-19,7.82364e-20)
(2.593e-20,9.10272e-20)
(1.52764e-20,2.12089e-20)
(1.74881e-19,-2.86762e-19)
(3.00564e-20,-1.14416e-20)
(4.65785e-20,4.5722e-20)
(-3.18651e-19,-9.86868e-20)
(-1.44538e-19,-4.17428e-20)
(-6.49999e-20,-7.75664e-20)
(5.68505e-20,-1.69797e-19)
(2.07487e-19,-2.39892e-19)
(5.96463e-20,-6.34679e-20)
(-1.30827e-20,2.92607e-20)
(3.68128e-20,-1.99913e-20)
(-1.77099e-20,2.54141e-20)
(2.53862e-20,1.38795e-20)
(6.13206e-20,-7.73844e-20)
(3.55621e-20,8.23409e-20)
(3.68989e-20,-1.70657e-19)
(3.46423e-20,6.43877e-21)
(3.02219e-20,-1.75759e-19)
(1.2229e-20,-1.73668e-19)
(5.80945e-20,-4.97632e-20)
(-6.07217e-20,-1.16467e-21)
(9.03447e-21,1.98449e-20)
(-3.40534e-20,8.35068e-20)
(2.12314e-19,-3.84077e-20)
(-1.28352e-19,-1.02716e-19)
(-2.96958e-21,-3.6429e-21)
(-4.97599e-20,1.22579e-19)
(-7.54091e-20,4.78011e-20)
(-1.01958e-19,-9.2363e-20)
(4.84016e-19,2.0481e-21)
(7.49277e-20,7.2502e-20)
(-1.04317e-19,-2.45613e-19)
(-3.72297e-20,-6.87387e-22)
(-1.55708e-20,-7.11442e-20)
(7.49508e-20,1.80523e-19)
(-2.74922e-19,8.21093e-20)
(4.68085e-20,1.00039e-19)
(-2.062e-19,9.6747e-20)
(5.88307e-20,5.7791e-20)
(3.93738e-21,4.49986e-21)
(6.21974e-20,1.10458e-19)
(1.0179e-19,1.83331e-19)
(8.58481e-20,2.97448e-19)
(-2.63043e-21,1.28676e-19)
(-1.79928e-20,-7.68219e-20)
(1.22528e-19,1.07992e-19)
(4.14352e-20,2.32764e-19)
(-4.69248e-20,-2.07247e-20)
(1.97261e-20,1.24252e-19)
(1.53337e-19,-5.70251e-20)
(1.82492e-19,-1.45226e-19)
(4.30997e-20,2.21411e-20)
(9.7071e-20,1.43821e-20)
(2.1094e-20,-5.95292e-20)
(4.25363e-20,2.43925e-21)
(8.66371e-20,-1.40069e-20)
(-8.64514e-21,1.50892e-20)
(9.26933e-21,-5.26441e-21)
(-4.146e-20,-3.44496e-20)
(5.3237e-21,-7.56001e-20)
(3.08008e-20,1.42783e-20)
(-3.43317e-21,-1.11172e-19)
(8.36489e-20,-1.15754e-20)
(4.72543e-20,3.45599e-20)
(8.16387e-21,-5.93126e-21)
(1.98266e-20,1.24483e-19)
(-1.08108e-19,-2.284e-20)
(-4.65595e-20,-1.14867e-19)
(2.32537e-20,-2.87507e-21)
(-3.34875e-19,-9.35178e-20)
(-9.16911e-20,-6.34465e-22)
(-9.26618e-20,1.29123e-19)
(-1.2284e-19,-3.22413e-19)
(-1.13226e-19,-2.78122e-19)
(4.31134e-20,-1.08389e-19)
(4.78947e-20,2.38285e-20)
(-1.70586e-19,9.81001e-21)
(1.00271e-19,1.27378e-19)
(-1.86874e-19,-6.59791e-20)
(8.6349e-21,9.70104e-21)
(-1.43711e-20,-5.1312e-20)
(-1.18495e-19,-1.29296e-19)
(-1.34859e-19,-2.68345e-19)
(7.01616e-20,-6.48164e-21)
(-3.12725e-19,-1.53931e-19)
(-2.31922e-19,3.98547e-20)
(-4.79819e-20,-1.5486e-19)
(5.15726e-20,-6.08009e-21)
(-1.60575e-19,1.52185e-19)
(-5.45033e-20,-2.84623e-20)
(-4.56615e-20,2.01511e-19)
(2.71518e-19,2.2012e-20)
(6.44897e-21,-4.64292e-20)
(6.48711e-20,-6.4714e-20)
(-1.10897e-19,4.06745e-20)
(-1.32168e-19,-5.21562e-20)
(6.15301e-21,-4.81205e-20)
(-2.79717e-21,-1.08601e-20)
(1.16666e-19,2.64919e-20)
(1.78866e-19,1.17856e-19)
(-1.69767e-20,-1.28591e-20)
(-3.51653e-20,1.90603e-20)
(1.40417e-22,-8.34369e-22)
(1.81042e-21,-4.20268e-21)
(1.14823e-20,5.93756e-22)
(-2.82892e-20,-1.93899e-20)
(-3.52399e-20,-7.49784e-21)
(4.74939e-20,1.5324e-20)
(1.54541e-21,1.79749e-21)
(-8.8602e-20,3.39376e-21)
(-8.48182e-20,-6.01464e-20)
(1.16206e-21,-1.63016e-21)
(2.64191e-21,3.19213e-20)
(2.73347e-20,1.43085e-20)
(-1.06397e-20,1.17687e-20)
(3.90281e-20,2.34981e-20)
(4.57682e-20,-9.42388e-21)
(8.96159e-20,-7.69229e-20)
(-7.61792e-20,2.86739e-20)
(-8.57345e-20,-8.52107e-21)
(6.29971e-20,3.21968e-20)
(-6.27298e-21,-2.18332e-20)
(7.71031e-21,-5.0106e-21)
(-8.56001e-21,-2.25427e-20)
(1.36038e-20,1.34925e-21)
(1.34457e-19,2.37578e-19)
(1.68598e-19,2.10536e-20)
(1.00404e-21,4.62715e-20)
(-6.60687e-21,-5.99478e-20)
(8.59987e-20,1.39024e-19)
(2.02663e-19,4.73475e-19)
(-1.83022e-19,1.25282e-19)
(1.84415e-21,3.78943e-20)
(-8.61511e-21,-6.00876e-20)
(2.03426e-20,-1.76159e-20)
(1.72075e-19,7.74825e-21)
(-8.47498e-20,1.58965e-19)
(9.35991e-20,1.0323e-19)
(1.38727e-20,2.5016e-20)
(-1.63496e-21,1.65146e-20)
(-1.05853e-20,4.02385e-20)
(2.37296e-20,-2.71458e-20)
(7.88676e-21,-4.83834e-20)
(-6.71937e-20,-3.67332e-20)
(4.24188e-21,1.37574e-20)
(-2.77281e-20,-6.24181e-20)
(-1.42573e-20,4.81664e-21)
(9.30214e-20,-6.13287e-21)
(1.96225e-20,-2.75701e-20)
(5.24623e-20,1.42224e-19)
(-2.12975e-20,4.42266e-20)
(7.78996e-20,4.87476e-20)
(-3.55995e-20,1.96563e-19)
(-9.99661e-20,-2.5734e-20)
(-6.29943e-20,1.40786e-19)
(-7.45359e-20,-1.32701e-19)
(1.85946e-20,-1.69261e-19)
(1.6624e-20,-6.31316e-19)
(4.6652e-20,-7.68622e-19)
(5.1667e-20,-6.08795e-19)
(-7.71145e-20,2.37189e-20)
(-1.07241e-19,4.12045e-21)
(-3.93578e-20,-4.2243e-19)
(-3.07122e-20,2.14315e-20)
(-2.42291e-19,-5.25857e-19)
(2.56635e-19,-5.66693e-20)
(6.54515e-20,4.16907e-20)
(4.61726e-20,-1.06676e-19)
(-8.27435e-20,2.70873e-20)
(-2.12811e-19,-1.29659e-19)
(-6.40219e-20,-3.2709e-20)
(-1.79415e-19,-1.1929e-19)
(-2.48795e-19,-2.38608e-19)
(-6.26154e-20,-1.42014e-19)
(3.4742e-19,-5.86622e-19)
(1.20947e-19,-2.58655e-19)
(1.34221e-19,-3.73052e-19)
(-9.44779e-21,-5.71656e-20)
(-2.22108e-19,-5.18608e-19)
(5.51259e-20,-2.92601e-19)
(-8.01518e-22,-1.26518e-19)
(-2.56545e-20,-1.06852e-19)
(1.18213e-19,-1.86325e-19)
(-2.2248e-20,-4.60509e-20)
(5.72033e-20,-1.37311e-19)
(6.3495e-20,3.67358e-20)
(-9.26104e-20,-1.20402e-19)
(4.80928e-20,-1.7352e-19)
(6.44654e-20,-8.28102e-20)
(1.07927e-19,-2.19858e-19)
(1.7311e-20,-4.0501e-20)
(-6.5908e-20,-1.268e-19)
(3.52446e-20,-1.97125e-19)
(7.93061e-20,-1.18439e-19)
(1.10409e-19,-2.06767e-19)
(-1.49794e-19,-2.6513e-19)
(-1.21832e-20,-1.70375e-19)
(-1.266e-19,-3.223e-19)
(-1.04882e-20,1.46202e-20)
(2.51066e-20,-2.2143e-20)
(-6.90409e-20,-5.41182e-19)
(2.26897e-19,2.92567e-20)
(1.25633e-19,-4.56519e-19)
(-2.18655e-19,-1.31516e-19)
(-3.97287e-20,-3.12788e-19)
(1.23821e-20,1.3828e-19)
(-5.27615e-19,-3.37438e-19)
(8.03648e-20,-1.24267e-19)
(1.94281e-19,-7.34361e-20)
(1.45535e-19,-6.30482e-20)
(5.17914e-19,-1.28365e-19)
(-1.53679e-19,-1.22909e-19)
(-3.4708e-19,-8.26625e-20)
(3.5289e-19,-6.1227e-19)
(1.03544e-19,-1.21341e-19)
(3.81347e-21,-2.14141e-19)
(-4.49337e-20,-1.93228e-19)
(-7.9293e-20,-2.83195e-19)
(-3.78882e-21,-1.76084e-19)
(-4.37824e-19,-2.14912e-19)
(-4.00719e-19,-2.03274e-19)
(-2.90224e-19,-1.63255e-19)
(2.79179e-19,-2.81873e-19)
(8.20462e-21,-2.46324e-19)
(3.34447e-21,-9.61416e-20)
(-2.16243e-19,-6.14866e-20)
(-1.14882e-19,-1.75894e-20)
(1.57015e-19,2.48949e-20)
(-1.12811e-19,-2.16656e-19)
(-2.18435e-19,-1.46868e-19)
(-7.82812e-20,-1.52119e-19)
(2.36504e-19,-1.98345e-19)
(1.40339e-19,3.02401e-20)
(1.20267e-19,-1.80387e-20)
(-1.84752e-19,-2.93163e-19)
(1.68562e-19,8.63688e-20)
(-5.25908e-20,-1.10337e-19)
(6.7897e-20,-4.53851e-19)
(-6.28522e-20,-4.40306e-20)
(-1.85267e-19,1.11894e-19)
(8.25641e-20,5.24138e-20)
(2.04246e-19,-3.94803e-20)
(-2.78809e-19,-2.72798e-19)
(2.92459e-19,4.37026e-20)
(3.28209e-20,-2.44833e-19)
(1.86759e-19,-1.18621e-19)
(2.49159e-20,-2.10177e-19)
(1.00017e-19,-1.854e-19)
(4.21573e-20,-1.52766e-19)
(2.18427e-21,-2.14858e-19)
(-6.64338e-20,-3.05102e-19)
(9.42349e-20,-5.79943e-19)
(-1.92419e-19,-4.86848e-19)
(-2.83339e-19,-5.99426e-19)
(-9.49141e-20,-4.44761e-19)
(1.8347e-19,-7.22974e-20)
(-9.21591e-20,5.03751e-20)
(2.25365e-19,-4.35739e-20)
(4.97795e-19,-7.21526e-20)
(2.68504e-20,-3.89887e-20)
(6.41455e-20,-5.37705e-19)
(-9.12259e-20,-1.06037e-19)
(1.09298e-19,-1.96354e-19)
(7.69346e-20,9.15885e-20)
(2.00859e-19,5.94244e-20)
(-1.61215e-19,-6.36182e-19)
(1.09438e-19,-6.93612e-19)
(2.19418e-19,-7.14236e-19)
(1.6879e-19,-4.76235e-20)
(1.72971e-19,-2.77358e-19)
(-2.64743e-20,-3.13902e-19)
(4.60699e-21,1.21023e-19)
(1.44085e-19,-1.4924e-19)
(-6.6324e-20,-1.24056e-19)
(-5.00856e-20,1.14044e-19)
(7.39988e-20,-2.6155e-19)
(6.23166e-20,-1.70094e-19)
(4.25002e-20,-1.59856e-19)
(-8.65896e-20,-2.22159e-20)
(2.10955e-19,5.07032e-20)
(-1.04693e-19,-9.49495e-20)
(1.30741e-19,6.70009e-20)
(1.28294e-19,-7.52179e-20)
(2.48343e-19,6.8121e-22)
(-2.12473e-20,-2.63868e-20)
(-6.69431e-20,-1.15512e-19)
(-1.55421e-19,-4.24572e-19)
(7.45871e-22,-3.93294e-19)
(2.67827e-20,-2.70607e-19)
(-1.96053e-19,8.25464e-21)
(1.04086e-19,-1.45301e-19)
(-1.53151e-19,-2.50729e-19)
(3.18956e-19,-6.00589e-19)
(-2.29664e-19,-2.94146e-19)
(3.51036e-19,-3.85005e-19)
(2.49974e-19,1.69968e-19)
(-4.36617e-19,1.07928e-20)
(-8.92015e-21,-8.30974e-20)
(-2.89111e-19,-2.81727e-19)
(-3.96873e-21,-3.3347e-19)
(-8.93371e-20,-3.8334e-20)
(-2.17378e-19,-1.18431e-19)
(1.71378e-19,-4.71096e-19)
(1.20352e-19,-7.96852e-20)
(-6.42028e-20,-4.4635e-19)
(1.72681e-19,2.10235e-19)
(-5.772e-20,1.03475e-19)
(-3.05667e-19,-7.48077e-19)
(8.88013e-20,-6.10653e-20)
(2.66806e-19,-4.00266e-19)
(8.95116e-20,-4.90188e-20)
(8.07989e-20,1.25132e-19)
(1.57575e-19,-1.27825e-19)
(1.74523e-19,1.26301e-19)
(-7.05524e-21,-7.15722e-20)
(1.73799e-19,-1.46843e-19)
(-6.80959e-20,-3.67883e-20)
(2.8005e-20,-5.10418e-20)
(4.18533e-20,2.75214e-20)
(4.28218e-20,-1.72025e-21)
(-1.45162e-19,-1.67482e-19)
(-1.97109e-20,3.54428e-20)
(3.51698e-20,1.80115e-19)
(1.1484e-19,-2.467e-19)
(-9.82134e-21,2.30118e-19)
(5.36669e-20,8.52455e-20)
(-1.685e-19,4.4282e-20)
(2.39776e-19,1.42886e-19)
(-2.24668e-19,2.15673e-19)
(6.96772e-20,2.49182e-19)
(2.41815e-19,2.60593e-19)
(1.821e-19,-3.35422e-20)
(-7.18664e-20,1.36426e-19)
(6.53027e-20,1.66372e-19)
(6.92736e-20,-7.26782e-20)
(1.33582e-19,4.97249e-20)
(-6.64734e-20,2.14995e-20)
(-1.64981e-19,-3.78092e-19)
(1.01805e-19,7.62546e-20)
(3.21631e-19,-4.24081e-20)
(-5.41417e-20,9.8248e-20)
(-4.14965e-19,-2.11135e-20)
(4.11922e-19,-4.23091e-19)
(-1.84277e-21,-4.92374e-20)
(-3.72186e-19,-2.28984e-19)
(-2.80327e-19,-9.5205e-20)
(-2.27216e-19,-1.89255e-19)
(1.80462e-21,-3.53126e-20)
(4.66562e-19,-4.14603e-19)
(6.06828e-20,-7.82161e-20)
(1.59269e-20,-2.67866e-19)
(-2.59729e-19,-1.68448e-19)
(-1.62193e-19,-2.17024e-20)
(-1.19959e-19,-2.82441e-19)
(-1.86942e-19,-1.01903e-19)
(-1.74107e-19,4.05719e-20)
(3.31873e-20,-1.75209e-19)
(5.51025e-20,-2.11879e-20)
(-8.14008e-20,-1.53029e-20)
(3.63637e-20,-8.05528e-21)
(2.4308e-20,-1.19273e-19)
(-1.34423e-19,-3.205e-20)
(3.25147e-20,1.23194e-20)
(-1.05945e-19,3.00932e-20)
(-5.30604e-20,3.2643e-20)
(5.25963e-20,1.75352e-20)
(1.58069e-20,4.36855e-21)
(-1.01517e-20,-3.38846e-21)
(1.7217e-20,-1.80031e-20)
(-2.82353e-20,-1.09121e-20)
(-4.46559e-20,1.17303e-19)
(4.17732e-20,8.87205e-20)
(2.54283e-20,6.09376e-21)
(1.85455e-20,1.02678e-20)
(-5.50791e-20,-7.78491e-21)
(-4.70471e-22,-7.72566e-23)
(1.64165e-21,2.69982e-21)
(-4.36956e-20,9.12095e-20)
(5.46445e-20,2.35844e-20)
(-2.4142e-20,8.44716e-20)
(2.14767e-20,4.55518e-21)
(4.22984e-20,2.26532e-20)
(-7.07868e-20,-3.26036e-20)
(-1.30201e-19,-1.7069e-19)
(-3.70865e-20,-7.60834e-20)
(-4.77939e-21,-7.47583e-20)
(-2.39325e-20,2.94612e-20)
(-9.52497e-20,-5.79945e-20)
(-1.35756e-20,7.0689e-21)
(-1.59617e-20,-5.68566e-20)
(7.70299e-20,-1.71396e-19)
(-2.38586e-19,5.99569e-21)
(-3.69552e-19,3.14099e-20)
(-9.52823e-20,4.25341e-21)
(8.63148e-20,-1.12964e-19)
(-1.49848e-19,1.89013e-19)
(-2.73449e-19,-5.74722e-21)
(-2.90107e-20,-1.14365e-19)
(-5.48507e-20,1.36912e-19)
(-4.34657e-20,-7.25141e-20)
(-3.87339e-20,7.81145e-20)
(7.74297e-21,-3.27731e-20)
(1.44863e-19,-1.11228e-19)
(-2.11884e-20,3.2927e-20)
(9.26701e-20,1.35933e-19)
(1.76758e-19,-2.56573e-19)
(-8.40366e-20,-5.58702e-20)
(1.05465e-20,-8.13151e-21)
(-1.75984e-20,-7.8542e-21)
(-5.8731e-20,1.10544e-19)
(-4.62637e-21,5.93235e-20)
(-1.94207e-20,5.56665e-21)
(-1.809e-20,1.06814e-20)
(-4.96864e-20,1.60013e-20)
(-1.35276e-19,4.38717e-20)
(-7.4255e-20,2.87812e-20)
(-1.53349e-19,9.51965e-20)
(2.97813e-21,9.06699e-20)
(2.58625e-19,5.60352e-20)
(-1.58029e-20,1.90653e-19)
(6.72622e-21,1.3721e-19)
(4.0278e-20,1.8352e-19)
(-5.64737e-21,-9.66364e-20)
(5.87718e-22,2.7975e-20)
(4.0869e-20,-2.18415e-19)
(6.29187e-21,-1.18461e-20)
(-1.83721e-19,-2.16706e-19)
(-1.48978e-19,-2.81619e-19)
(7.67055e-20,-2.47616e-19)
(5.43756e-21,-1.3385e-20)
(5.07354e-21,-4.07908e-20)
(-5.23533e-20,-8.86149e-20)
(-6.10972e-20,2.41725e-20)
(4.55888e-20,6.46113e-20)
(-1.98777e-19,1.22569e-19)
(5.68115e-19,-2.72955e-19)
(-5.44525e-20,-2.18991e-19)
(-1.68628e-19,-1.86861e-20)
(1.55358e-19,-1.35868e-19)
(3.04573e-19,-1.2709e-19)
(1.4946e-19,8.23275e-20)
(-5.70826e-20,-1.19715e-19)
(-2.24319e-20,-2.28407e-19)
(1.89457e-20,-3.53185e-20)
(2.79604e-20,-8.60519e-20)
(-1.59775e-20,-3.12842e-19)
(6.49698e-20,-3.18864e-20)
(-9.69575e-20,-2.34965e-20)
(6.29079e-20,6.80112e-20)
(-9.5331e-20,3.50004e-20)
(7.6273e-20,-3.79059e-19)
(-1.2646e-19,-5.89043e-20)
(4.6913e-21,1.09186e-20)
(-8.62407e-21,9.35164e-20)
(8.89282e-21,-1.75052e-20)
(1.29096e-19,1.01891e-19)
(-3.20825e-20,1.05002e-20)
(-1.19278e-20,1.06622e-19)
(-2.27467e-20,2.46698e-20)
(2.26144e-19,-2.48608e-19)
(-3.5266e-20,7.06995e-20)
(-7.37893e-21,-1.75427e-20)
(9.84425e-22,-1.47553e-19)
(-9.3751e-20,2.97022e-20)
(2.50673e-20,-4.05901e-20)
(7.05175e-20,-7.38751e-21)
(5.64452e-20,4.00585e-20)
(3.57039e-19,-2.11142e-19)
(-1.52312e-19,3.68216e-20)
(7.5846e-21,3.27252e-20)
(6.83161e-20,2.84109e-20)
(7.52753e-20,3.42976e-20)
(-9.59562e-20,-8.81498e-21)
(-1.92172e-19,-2.15603e-20)
(-4.6112e-20,-9.65023e-20)
(1.80156e-20,-4.42828e-20)
(4.17304e-20,7.05965e-21)
(-3.88239e-20,-6.00086e-20)
(5.97075e-20,-3.20255e-19)
(-2.93246e-19,-5.12375e-19)
(-4.56955e-20,3.52615e-20)
(-3.96927e-20,-4.0281e-20)
(-8.53534e-20,-1.49428e-19)
(-3.73817e-19,1.56637e-19)
(-2.56706e-20,7.34577e-21)
(-5.74386e-20,2.25705e-19)
(-5.96993e-20,-9.65083e-21)
(-1.14381e-19,-1.95599e-20)
(-8.88601e-20,4.01677e-19)
(-1.24653e-19,-1.91705e-19)
(-3.47011e-20,1.19913e-19)
(-4.52587e-20,1.56396e-20)
(-7.46812e-20,4.85373e-20)
(1.61151e-19,-1.71434e-19)
(-3.45852e-20,-9.57418e-20)
(-9.40447e-20,-2.37845e-19)
(-2.55483e-20,-1.24311e-19)
(-1.27566e-20,-1.04982e-20)
(2.05961e-20,-4.70697e-20)
(1.26108e-19,-3.80956e-19)
(-2.21314e-19,5.36796e-20)
(1.80533e-19,4.57665e-20)
(-7.26788e-21,-2.52355e-20)
(-9.25396e-21,-2.49816e-20)
(1.57598e-19,8.62971e-20)
(-2.54148e-19,7.09081e-20)
(-2.95758e-20,-2.87644e-19)
(1.07323e-19,-8.9766e-20)
(-2.50682e-20,1.79354e-19)
(-4.2353e-19,-6.12448e-20)
(-3.12729e-19,-1.40973e-19)
(1.78756e-20,1.31999e-19)
(-1.26121e-19,1.23976e-20)
(8.56714e-20,-2.62152e-19)
(-3.34609e-20,8.92172e-20)
(-8.99353e-20,1.31818e-19)
(1.94999e-19,2.40206e-20)
(-6.40936e-20,-2.28236e-19)
(6.58206e-20,8.17746e-20)
(-1.90334e-20,1.80152e-20)
(2.69999e-21,1.19818e-20)
(-1.82952e-19,9.3082e-20)
(7.80481e-20,6.04798e-20)
(3.53886e-19,-6.11103e-19)
(-1.39829e-19,-6.60058e-20)
(-1.67185e-19,-1.47028e-19)
(-3.029e-19,4.5476e-19)
(-2.26755e-19,-1.64214e-19)
(1.86865e-20,-1.24488e-19)
(1.60349e-19,2.31716e-19)
(2.69922e-19,8.51177e-20)
(-3.76401e-19,-1.89934e-19)
(-4.01956e-19,1.53605e-19)
(-1.8967e-19,-9.06064e-20)
(-4.67174e-20,-1.30109e-19)
(1.9535e-19,-4.27052e-19)
(-2.06133e-19,-7.02315e-20)
(-7.89105e-20,-4.60315e-20)
(-2.87323e-19,1.1162e-19)
(2.24145e-19,1.54307e-20)
(8.02268e-21,1.38236e-19)
(-4.56231e-19,-6.26407e-19)
(-4.15634e-19,-1.99587e-19)
(-4.09322e-19,-5.3748e-19)
(-1.39667e-19,-9.43594e-20)
(-3.00354e-19,9.23428e-21)
(5.04071e-19,-1.69207e-19)
(-7.77061e-19,-1.71017e-19)
(-1.983e-20,-1.56622e-19)
(-4.15644e-19,-3.38002e-19)
(9.35287e-20,-1.86364e-19)
(-1.59806e-19,1.69917e-19)
(-1.56911e-19,2.39885e-21)
(1.12039e-19,-6.01966e-20)
(-6.22076e-19,1.42895e-19)
(-1.49898e-19,1.43138e-19)
(-4.24677e-20,-1.42097e-19)
(2.53032e-22,-5.57993e-19)
(5.3036e-21,-7.42099e-19)
(-5.89374e-20,-1.32611e-19)
(-6.51557e-20,-3.86819e-19)
(-9.80154e-21,-1.20363e-19)
(1.32097e-19,-1.00724e-18)
(-3.70511e-20,-4.94952e-19)
(-1.31522e-22,-4.36115e-19)
(-1.79845e-19,-1.08368e-19)
(2.13752e-19,-3.46324e-19)
(2.0982e-19,1.25328e-19)
(1.27265e-19,4.09275e-20)
(-5.32001e-20,4.07813e-20)
(-1.33946e-20,-1.88513e-19)
(2.92672e-20,-3.55312e-19)
(-5.07168e-20,-4.59495e-19)
(-4.04642e-19,-8.56238e-19)
(-4.66853e-20,1.19851e-20)
(-1.48632e-19,1.70306e-21)
(-7.99493e-20,1.84809e-19)
(-1.34727e-20,4.00374e-20)
(-7.40684e-21,-6.30932e-19)
(-2.59907e-20,1.59923e-20)
(2.6607e-19,-1.07618e-20)
(-3.15129e-19,-6.89489e-19)
(-5.00126e-19,4.94013e-20)
(4.06909e-20,1.41295e-21)
(-1.15442e-19,1.09453e-19)
(-2.37065e-19,-2.38807e-19)
(-1.50653e-19,-4.23156e-19)
(-2.97476e-19,4.66996e-20)
(-1.63341e-19,-3.69714e-19)
(2.09892e-19,-3.45326e-20)
(2.98311e-20,-2.10443e-19)
(9.1539e-20,-2.64404e-19)
(8.24759e-20,9.93396e-20)
(-4.29746e-19,-3.17067e-19)
(1.83929e-19,-6.71758e-20)
(2.50228e-19,-1.0407e-18)
(-5.70106e-19,1.09745e-19)
(5.93852e-19,-1.59217e-19)
(3.15835e-19,-1.69425e-19)
(2.58606e-19,7.79673e-20)
(-3.81293e-19,-3.03186e-19)
(-3.05894e-19,-2.6101e-20)
(-1.09987e-19,-2.72569e-19)
(6.7148e-20,1.09306e-20)
(2.35545e-19,-1.043e-20)
(-1.85505e-21,-5.84124e-19)
(5.19409e-21,-1.36954e-18)
(-1.06187e-18,-7.20819e-19)
(-2.7627e-19,-2.20704e-19)
(-2.20426e-20,-6.30703e-19)
(-7.20523e-20,-3.52006e-19)
(-6.33527e-19,-1.67381e-18)
(-3.04845e-20,-2.29309e-20)
(9.24904e-22,-3.0724e-20)
(5.25555e-20,7.71024e-21)
(1.61895e-21,-7.0996e-20)
(-8.13184e-20,1.01993e-19)
(-5.32509e-20,5.87026e-20)
(-1.31639e-20,2.48992e-21)
(1.56616e-19,-9.59251e-20)
(-4.99497e-20,6.08678e-20)
(1.25394e-19,5.55272e-21)
(1.15983e-21,-9.27633e-20)
(-2.90633e-20,-4.90149e-20)
(8.51408e-20,1.206e-19)
(-2.67018e-19,1.06772e-19)
(5.18329e-20,1.72585e-19)
(-3.66929e-19,-7.4187e-19)
(-7.13911e-21,-1.5956e-19)
(-3.56433e-21,-3.80043e-21)
(-3.68972e-20,-6.79969e-20)
(-8.74841e-20,1.50372e-19)
(7.01542e-20,-8.32842e-21)
(-7.41709e-20,-1.00289e-19)
(-1.70584e-19,4.51234e-21)
(1.57862e-20,-7.46098e-20)
(-5.88663e-20,-3.46429e-20)
(1.16446e-19,-8.19122e-19)
(8.42037e-20,-3.77758e-19)
(-1.90988e-19,-1.59052e-19)
(5.80749e-20,7.98833e-20)
(-6.76361e-21,1.14132e-19)
(-3.25781e-20,-6.86999e-19)
(8.6647e-20,-9.12434e-19)
(8.29949e-20,-4.7366e-20)
(-9.06952e-20,-5.22871e-19)
(-1.08797e-20,1.10757e-20)
(1.29006e-19,4.56228e-21)
(-2.50627e-21,-6.38127e-20)
(-1.9344e-19,-3.30072e-20)
(-2.90085e-20,-7.97099e-20)
(4.75909e-20,-5.25479e-19)
(3.08715e-20,1.0945e-21)
(-1.44872e-19,-1.11307e-18)
(-3.24325e-19,-4.01925e-19)
(-5.7083e-21,-1.21881e-18)
(1.56763e-21,1.67744e-20)
(6.21166e-19,-3.09665e-19)
(7.09604e-19,-3.60944e-19)
(-1.09776e-18,-2.68824e-18)
(-1.92392e-19,-5.78539e-19)
(1.18885e-19,-5.7614e-21)
(-8.19346e-20,1.63587e-19)
(-2.68232e-19,-3.14216e-19)
(-4.66478e-19,5.09337e-19)
(-3.81944e-19,-1.01424e-18)
(9.84428e-19,3.58408e-19)
(2.41907e-19,-2.56763e-21)
(3.14573e+06,-1.97651e+09)
(3.14573e+06,-1.96663e+09)
(3.14573e+06,-1.95675e+09)
(3.14573e+06,-1.94687e+09)
(3.14573e+06,-1.93698e+09)
(3.14573e+06,-1.9271e+09)
(3.14573e+06,-1.91722e+09)
(3.14573e+06,-1.90734e+09)
(3.14573e+06,-1.89745e+09)
(3.14573e+06,-1.88757e+09)
(3.14573e+06,-1.87769e+09)
(3.14573e+06,-1.86781e+09)
(3.14573e+06,-1.85792e+09)
(3.14573e+06,-1.84804e+09)
(3.14573e+06,-1.83816e+09)
(3.14573e+06,-1.82827e+09)
(3.14573e+06,-1.81839e+09)
(3.14573e+06,-1.80851e+09)
(3.14573e+06,-1.79863e+09)
(3.14573e+06,-1.78874e+09)
(3.14573e+06,-1.77886e+09)
(3.14573e+06,-1.76898e+09)
(3.14573e+06,-1.7591e+09)
(3.14573e+06,-1.74921e+09)
(3.14573e+06,-1.73933e+09)
(3.14573e+06,-1.72945e+09)
(3.14573e+06,-1.71957e+09)
(3.14573e+06,-1.70968e+09)
(3.14573e+06,-1.6998e+09)
(3.14573e+06,-1.68992e+09)
(3.14573e+06,-1.68004e+09)
(3.14573e+06,-1.67015e+09)
(3.14573e+06,-1.66027e+09)
(3.14573e+06,-1.65039e+09)
(3.14573e+06,-1.6405e+09)
(3.14573e+06,-1.63062e+09)
(3.14573e+06,-1.62074e+09)
(3.14573e+06,-1.61086e+09)
(3.14573e+06,-1.60097e+09)
(3.14573e+06,-1.59109e+09)
(3.14573e+06,-1.58121e+09)
(3.14573e+06,-1.57133e+09)
(3.14573e+06,-1.56144e+09)
(3.14573e+06,-1.55156e+09)
(3.14573e+06,-1.54168e+09)
(3.14573e+06,-1.5318e+09)
(3.14573e+06,-1.52191e+09)
(3.14573e+06,-1.51203e+09)
(3.14573e+06,-1.50215e+09)
(3.14573e+06,-1.49227e+09)
(3.14573e+06,-1.48238e+09)
(3.14573e+06,-1.4725e+09)
(3.14573e+06,-1.46262e+09)
(3.14573e+06,-1.45273e+09)
(3.14573e+06,-1.44285e+09)
(3.14573e+06,-1.43297e+09)
(3.14573e+06,-1.42309e+09)
(3.14573e+06,-1.4132e+09)
(3.14573e+06,-1.40332e+09)
(3.14573e+06,-1.39344e+09)
(3.14573e+06,-1.38356e+09)
(3.14573e+06,-1.37367e+09)
(3.14573e+06,-1.36379e+09)
(3.14573e+06,-1.35391e+09)
(3.14573e+06,-1.34403e+09)
(3.14573e+06,-1.33414e+09)
(3.14573e+06,-1.32426e+09)
(3.14573e+06,-1.31438e+09)
(3.14573e+06,-1.3045e+09)
(3.14573e+06,-1.29461e+09)
(3.14573e+06,-1.28473e+09)
(3.14573e+06,-1.27485e+09)
(3.14573e+06,-1.26496e+09)
(3.14573e+06,-1.25508e+09)
(3.14573e+06,-1.2452e+09)
(3.14573e+06,-1.23532e+09)
(3.14573e+06,-1.22543e+09)
(3.14573e+06,-1.21555e+09)
(3.14573e+06,-1.20567e+09)
(3.14573e+06,-1.19579e+09)
(3.14573e+06,-1.1859e+09)
(3.14573e+06,-1.17602e+09)
(3.14573e+06,-1.16614e+09)
(3.14573e+06,-1.15626e+09)
(3.14573e+06,-1.14637e+09)
(3.14573e+06,-1.13649e+09)
(3.14573e+06,-1.12661e+09)
(3.14573e+06,-1.11672e+09)
(3.14573e+06,-1.10684e+09)
(3.14573e+06,-1.09696e+09)
(3.14573e+06,-1.08708e+09)
(3.14573e+06,-1.07719e+09)
(3.14573e+06,-1.06731e+09)
(3.14573e+06,-1.05743e+09)
(3.14573e+06,-1.04755e+09)
(3.14573e+06,-1.03766e+09)
(3.14573e+06,-1.02778e+09)
(3.14573e+06,-1.0179e+09)
(3.14573e+06,-1.00801e+09)
(3.14573e+06,-9.98132e+08)
(3.14573e+06,-9.8825e+08)
(3.14573e+06,-9.78367e+08)
(3.14573e+06,-9.68484e+08)
(3.14573e+06,-9.58601e+08)
(3.14573e+06,-9.48719e+08)
(3.14573e+06,-9.38836e+08)
(3.14573e+06,-9.28953e+08)
(3.14573e+06,-9.19071e+08)
(3.14573e+06,-9.09188e+08)
(3.14573e+06,-8.99305e+08)
(3.14573e+06,-8.89423e+08)
(3.14573e+06,-8.7954e+08)
(3.14573e+06,-8.69657e+08)
(3.14573e+06,-8.59774e+08)
(3.14573e+06,-8.49892e+08)
(3.14573e+06,-8.40009e+08)
(3.14573e+06,-8.30126e+08)
(3.14573e+06,-8.20243e+08)
(3.14573e+06,-8.10361e+08)
(3.14573e+06,-8.00478e+08)
(3.14573e+06,-7.90595e+08)
(3.14573e+06,-7.80712e+08)
(3.14573e+06,-7.7083e+08)
(3.14573e+06,-7.60947e+08)
(3.14573e+06,-7.51064e+08)
(3.14573e+06,-7.41181e+08)
(3.14573e+06,-7.31299e+08)
(3.14573e+06,-7.21416e+08)
(3.14573e+06,-7.11533e+08)
(3.14573e+06,-7.0165e+08)
(3.14573e+06,-6.91767e+08)
(3.14573e+06,-6.81885e+08)
(3.14573e+06,-6.72002e+08)
(3.14573e+06,-6.62119e+08)
(3.14573e+06,-6.52236e+08)
(3.14573e+06,-6.42353e+08)
(3.14573e+06,-6.3247e+08)
(3.14573e+06,-6.22588e+08)
(3.14573e+06,-6.12705e+08)
(3.14573e+06,-6.02822e+08)
(3.14573e+06,-5.92939e+08)
(3.14573e+06,-5.83056e+08)
(3.14573e+06,-5.73173e+08)
(3.14573e+06,-5.6329e+08)
(3.14573e+06,-5.53407e+08)
(3.14573e+06,-5.43525e+08)
(3.14573e+06,-5.33642e+08)
(3.14573e+06,-5.23759e+08)
(3.14573e+06,-5.13876e+08)
(3.14573e+06,-5.03993e+08)
(3.14573e+06,-4.9411e+08)
(3.14573e+06,-4.84227e+08)
(3.14573e+06,-4.74344e+08)
(3.14573e+06,-4.64461e+08)
(3.14573e+06,-4.54578e+08)
(3.14573e+06,-4.44695e+08)
(3.14573e+06,-4.34811e+08)
(3.14573e+06,-4.24928e+08)
(3.14573e+06,-4.15045e+08)
(3.14573e+06,-4.05162e+08)
(3.14573e+06,-3.95279e+08)
(3.14573e+06,-3.85396e+08)
(3.14573e+06,-3.75512e+08)
(3.14573e+06,-3.65629e+08)
(3.14573e+06,-3.55746e+08)
(3.14573e+06,-3.45862e+08)
(3.14573e+06,-3.35979e+08)
(3.14573e+06,-3.26095e+08)
(3.14573e+06,-3.16212e+08)
(3.14573e+06,-3.06328e+08)
(3.14573e+06,-2.96445e+08)
(3.14573e+06,-2.86561e+08)
(3.14573e+06,-2.76677e+08)
(3.14573e+06,-2.66793e+08)
(3.14573e+06,-2.56909e+08)
(3.14573e+06,-2.47025e+08)
(3.14573e+06,-2.37141e+08)
(3.14573e+06,-2.27256e+08)
(3.14573e+06,-2.17372e+08)
(3.14573e+06,-2.07487e+08)
(3.14573e+06,-1.97602e+08)
(3.14573e+06,-1.87717e+08)
(3.14573e+06,-1.77831e+08)
(3.14573e+06,-1.67945e+08)
(3.14573e+06,-1.58059e+08)
(3.14573e+06,-1.48172e+08)
(3.14573e+06,-1.38285e+08)
(3.14573e+06,-1.28397e+08)
(3.14573e+06,-1.18508e+08)
(3.14573e+06,-1.08618e+08)
(3.14573e+06,-9.87258e+07)
(3.14573e+06,-8.88321e+07)
(3.14573e+06,-7.89356e+07)
(3.14573e+06,-6.90351e+07)
(3.14573e+06,-5.91287e+07)
(3.14573e+06,-4.92127e+07)
(3.14573e+06,-3.92801e+07)
(3.14573e+06,-2.9314e+07)
(3.14573e+06,-1.92645e+07)
(3.14573e+06,-8.88128e+06)
