1.12234
1.02363
0.90585
0.769621
0.617491
0.453968
0.28542
0.119837
-0.0335446
-0.164721
-0.263486
-0.320047
-0.325652
-0.273194
-0.157759
0.0229301
0.268193
0.574219
0.934061
1.3378
1.7729
2.22467
2.6769
3.1126
3.51477
3.86726
4.15549
4.36728
4.49339
4.52807
4.46932
4.31906
4.08301
3.77044
3.39368
2.96749
2.50832
2.03339
1.55987
1.10389
0.679783
0.299268
-0.0291021
-0.300378
-0.513425
-0.670917
-0.779117
-0.847439
-0.887831
-0.914005
-0.940557
-0.982026
-1.05195
-1.16199
-1.32108
-1.53486
-1.80516
-2.12978
-2.50247
-2.91316
-3.34842
-3.79209
-4.22611
-4.63144
-4.9891
-5.28117
-5.49174
-5.60784
-5.6201
-5.52335
-5.31686
-5.00447
-4.5944
-4.09886
-3.5334
-2.91619
-2.26707
-1.60654
-0.954833
-0.330865
0.248587
0.769638
1.22184
1.59854
1.897
2.11828
2.26696
2.35061
2.37917
2.36419
2.31806
2.25315
2.18113
2.11231
2.05511
2.01578
1.99824
2.00413
2.03307
2.08307
2.15101
2.23332
2.32656
2.42807
2.53649
2.65219
2.77747
2.91667
3.07593
3.26285
3.48592
3.7537
4.07402
4.45299
4.89407
5.39716
5.95791
6.56712
7.2105
7.86864
8.51741
9.12858
9.67087
10.1112
10.4163
10.5543
10.4966
10.2194
9.70593
8.94708
7.94319
6.70449
5.25149
3.61478
1.83433
-0.0416673
-1.95848
-3.85682
-5.67524
-7.35267
-8.83106
-10.058
-10.989
-11.59
-11.8386
-11.7257
-11.2558
-10.4475
-9.33245
-7.9543
-6.36708
-4.63282
-2.81897
-0.99553
0.767973
2.40543
3.85696
5.07142
6.0085
6.64029
6.95226
6.9436
6.62696
6.02755
5.18166
4.13472
2.93895
1.65084
0.328391
-0.971566
-2.1959
-3.29749
-4.2371
-4.98486
-5.52117
-5.83713
-5.93436
-5.82435
-5.52732
-5.07071
-4.48739
-3.81367
-3.08723
-2.34516
-1.62202
-0.948308
-0.349069
0.156988
0.558042
0.849289
1.03267
1.11626
1.11333
1.0412
0.919969
0.771108
0.616151
0.475437
0.367037
0.305883
0.303174
0.366038
0.497474
0.696554
0.958846
1.27701
1.64153
2.04149
2.46538
2.90181
3.34018
3.77115
4.18698
4.58167
4.95096
5.29213
5.6037
5.88505
6.13592
6.35606
6.54473
6.70049
6.82098
6.90287
6.94202
6.93372
6.87315
6.75582
6.57821
6.33836
6.0364
5.67506
5.26001
4.79998
4.3068
3.79507
3.28168
2.78515
2.32472
1.91934
1.58662
1.34169
1.19616
1.15728
1.22713
1.40223
1.67335
2.02569
2.43931
2.89004
3.35047
3.79136
4.18309
4.49729
4.70837
4.79506
4.74171
4.53931
4.18622
3.68852
3.05988
2.32109
1.49912
0.625919
-0.263234
-1.13145
-1.94216
-2.661
-3.25766
-3.7075
-3.99289
-4.10414
-4.04012
-3.80828
-3.42428
-2.91119
-2.29821
-1.61916
-0.910621
-0.209997
0.446459
1.02557
1.49892
1.84432
2.04683
2.09942
2.00313
1.76678
1.40625
0.943341
0.404354
-0.181608
-0.784431
-1.3748
-1.92593
-2.41506
-2.82468
-3.14342
-3.36643
-3.49542
-3.53825
-3.50805
-3.42207
-3.3003
-3.16379
-3.03309
-2.92661
-2.85919
-2.841
-2.87664
-2.96479
-3.09818
-3.26408
-3.44513
-3.6206
-3.76786
-3.86409
-3.88801
-3.82162
-3.65171
-3.37115
-2.97977
-2.48479
-1.90083
-1.24934
-0.557603
0.142742
0.817482
1.43189
1.9529
2.3513
2.60371
2.69435
2.61638
2.37273
1.97638
1.45
0.825021
0.140137
-0.560737
-1.23085
-1.8233
-2.29377
-2.6033
-2.72074
-2.62489
-2.30615
-1.76746
-1.02463
-0.105882
0.949333
2.09218
3.2669
4.41375
5.47224
6.38448
7.09852
7.57141
7.77185
7.68221
7.29988
6.63777
5.72399
4.6006
3.32163
1.95036
0.556024
-0.789908
-2.01759
-3.06267
-3.86994
-4.39653
-4.61446
-4.51242
-4.09666
-3.39095
-2.43547
-1.28492
-0.00566649
1.3277
2.6364
3.84169
4.86926
5.65336
6.14055
6.29287
6.09011
5.53127
4.6349
3.43841
1.9964
0.377991
-1.33666
-3.06042
-4.70372
-6.1792
-7.40637
-8.31588
-8.85328
-8.98197
-8.68534
-7.96777
-6.85462
-5.39109
-3.64008
-1.67914
0.4034
2.51276
4.55241
6.42889
8.05636
9.36082
10.2837
10.7845
10.8429
10.4593
9.65435
8.4683
6.95818
5.19495
3.25977
1.2398
-0.776148
-2.70201
-4.45859
-5.9773
-7.20316
-8.09711
-8.63744
-8.82023
-8.65894
-8.18305
-7.43596
-6.47221
-5.35428
-4.149
-2.92392
-1.74383
-0.667484
0.255175
0.985172
1.496
1.77435
1.82011
1.64555
1.27397
0.737672
0.0755812
-0.669421
-1.45327
-2.2334
-2.97127
-3.63446
-4.19833
-4.64712
-4.97444
-5.1832
-5.28482
-5.29809
-5.24747
-5.16109
-5.06861
-4.99896
-4.97822
-5.0277
-5.16231
-5.38945
-5.70827
-6.10957
-6.57617
-7.08377
-7.60228
-8.09755
-8.53326
-8.87309
-9.08276
-9.13212
-8.99696
-8.66044
-8.11429
-7.35939
-6.406
-5.2734
-3.98914
-2.58783
-1.1096
0.401701
1.90047
3.34137
4.68134
5.8814
6.90823
7.73554
8.34493
8.72646
8.87877
8.80886
8.53139
8.0678
7.44504
6.69425
5.84918
4.94471
4.01534
3.09382
2.20993
1.38948
0.653578
0.0181445
-0.506331
-0.914749
-1.20715
-1.38824
-1.46685
-1.45514
-1.36787
-1.22156
-1.03371
-0.822046
-0.603852
-0.395361
-0.211281
-0.0644124
0.0346372
0.0776365
0.0588342
-0.0250099
-0.174654
-0.38845
-0.662462
-0.990613
-1.36486
-1.7754
-2.21093
-2.65885
-3.10565
-3.53721
-3.93915
-4.29731
-4.59816
-4.82927
-4.97977
-5.04082
-5.006
-4.87173
-4.63746
-4.30592
-3.88312
-3.3783
-2.80368
-2.17408
-1.50642
-0.819107
-0.131275
0.537966
1.17035
1.74925
2.26042
2.69257
3.03796
3.2926
3.45646
3.53339
3.53076
3.45906
3.33119
3.16169
2.96584
2.75871
2.55427
2.36448
2.19857
2.06246
1.95835
1.88463
1.83592
1.80344
1.77558
1.73867
1.67788
1.57828
1.42588
1.2087
0.917705
0.547603
0.0974676
-0.428924
-1.02301
-1.67168
-2.35771
-3.06061
-3.75754
-4.42449
-5.03756
-5.57426
-6.01472
-6.34294
-6.54767
-6.62315
-6.56957
-6.39314
-6.10587
-5.72501
-5.27219
-4.77229
-4.25213
-3.739
-3.25918
-2.83649
-2.49095
-2.23763
-2.08581
-2.03842
-2.09185
-2.23614
-2.4555
-2.7292
-3.03276
-3.3393
-3.6211
-3.85126
-4.00519
-4.0622
-4.00665
-3.82907
-3.52676
-3.10416
-2.57277
-1.95067
-1.26177
-0.534684
0.198683
0.904634
1.54935
2.10052
2.52895
2.80995
2.9245
2.86017
2.61167
2.18103
1.57745
0.816836
-0.0790423
-1.08357
-2.16656
-3.29557
-4.43736
-5.55923
-6.63033
-7.6227
-8.51225
-9.27939
-9.90938
-10.3925
-10.7241
-10.9037
-10.9352
-10.8259
-10.5855
-10.2258
-9.75975
-9.20092
-8.56285
-7.85872
-7.10115
-6.30208
-5.47281
-4.6242
-3.7669
-2.91161
-2.06937
-1.25176
-0.471063
0.259736
0.927089
1.51716
2.01623
2.4113
2.69069
2.8448
2.8668
2.75334
2.5051
2.12725
1.62969
1.02701
0.338298
-0.413407
-1.20186
-1.9986
-2.7741
-3.49909
-4.14584
-4.68958
-5.10966
-5.39064
-5.52315
-5.50442
-5.33846
-5.03596
-4.61372
-4.09387
-3.50268
-2.86916
-2.22353
-1.59555
-1.01288
-0.499581
-0.074739
0.248571
0.464001
0.572258
0.581007
0.504354
0.361942
0.177691
-0.0217372
-0.208668
-0.356229
-0.440156
-0.440467
-0.342904
-0.140064
0.167882
0.572911
1.05935
1.60457
2.1801
2.75316
3.28853
3.75055
4.10535
4.32291
4.3791
4.25737
3.95011
3.45954
2.79805
1.98802
1.06109
0.0568387
-0.978941
-1.99641
-2.94408
-3.77141
-4.43139
-4.88299
-5.09338
-5.03977
-4.71071
-4.10694
-3.24148
-2.13927
-0.836063
0.623177
2.18633
3.79658
5.3951
6.92382
8.3282
9.55972
10.5782
11.3534
11.8667
12.1112
12.0924
11.8271
11.3426
10.6752
9.8677
8.96732
8.02319
7.08372
6.19412
5.39421
4.71652
4.18484
3.81332
3.60603
3.5572
3.65187
3.86711
4.17363
4.53765
4.92301
5.29336
5.61423
5.85503
5.99069
6.003
5.88146
5.62375
5.23563
4.73046
4.12824
3.45435
2.73796
2.01032
1.30295
0.645875
0.0660106
-0.414262
-0.778176
-1.01533
-1.12204
-1.10129
-0.962315
-0.71984
-0.393008
-0.00412019
0.422769
0.863298
1.29419
1.69455
2.04688
2.33797
2.55933
2.70741
2.78349
2.79321
2.74588
2.65357
2.53006
2.38973
2.24641
2.11237
1.99738
1.90807
1.84746
1.81477
1.80555
1.81202
1.82367
1.82811
1.81197
1.76194
1.6658
1.51338
1.29744
1.01428
0.664243
0.251892
-0.214087
-0.721196
-1.25371
-1.79346
-2.32077
-2.81551
-3.25816
-3.63086
-3.9184
-4.10896
-4.19477
-4.17247
-4.04324
-3.81264
-3.49025
-3.08907
-2.62471
-2.11453
-1.57662
-1.02886
-0.487941
0.0314333
0.517194
0.960378
1.35535
1.69982
1.99458
2.24307
2.45077
2.62443
2.77123
2.89798
3.01027
3.11178
3.20378
3.28472
3.35017
3.39288
3.40322
3.36971
3.2798
3.12085
2.8811
2.55072
2.12282
1.59437
0.966866
0.246876
-0.553751
-1.41795
-2.3238
-3.24522
-4.15292
-5.01556
-5.80114
-6.47846
-7.01867
-7.39671
-7.59267
-7.59294
-7.3911
-6.98848
-6.39438
-5.6259
-4.70738
-3.66952
-2.54815
-1.3827
-0.214541
0.914832
1.96566
2.90168
3.6918
4.3115
4.74392
4.98069
5.02223
4.87777
4.56489
4.10863
3.54039
2.89633
2.21576
1.53921
0.906528
0.355014
-0.0823601
-0.378502
-0.513489
-0.475515
-0.261467
0.122901
0.663196
1.33702
2.11494
2.9618
3.83827
4.7026
5.5124
6.22654
6.80695
7.2202
7.43901
7.44336
7.22135
6.76969
6.09382
5.20767
4.13307
2.89886
1.53966
0.0945483
-1.39455
-2.88446
-4.33241
-5.69763
-6.94281
-8.03539
-8.94864
-9.66243
-10.1638
-10.4471
-10.5139
-10.3728
-10.0384
-9.53112
-8.87535
-8.09894
-7.2317
-6.3042
-5.3466
-4.38752
-3.45302
-2.56586
-1.74482
-1.00432
-0.35424
0.200067
0.657528
1.02094
1.29642
1.4927
1.62041
1.6913
1.71742
1.71049
1.68119
1.63871
1.59032
1.54119
1.49431
1.4506
1.40908
1.3673
1.32175
1.26836
1.20307
